m 0 0 1168
m 0 1 580
m 0 2 1144
m 0 3 644
m 0 4 2712
m 0 5 1284
m 0 6 2088
m 0 7 476
m 0 8 3784
m 0 9 5376
m 0 10 1460
m 0 11 1104
m 0 12 2824
m 0 13 4248
m 0 14 1352
m 0 15 2300
m 0 16 2320
m 0 17 1820
m 0 18 3448
m 0 19 408
m 0 20 4132
m 0 21 3208
m 0 22 44
m 0 23 5476
m 0 24 1500
m 0 25 3224
m 0 26 3200
m 0 27 5640
m 0 28 2572
m 0 29 1888
m 0 30 1632
m 0 31 1216
m 0 32 3500
m 0 33 2480
m 0 34 2140
m 0 35 1872
m 0 36 2072
m 0 37 3384
m 0 38 272
m 0 39 864
m 0 40 1800
m 0 41 3812
m 0 42 3212
m 0 43 2660
m 0 44 4836
m 0 45 2092
m 0 46 3624
m 0 47 1216
m 0 48 3156
m 0 49 3288
m 0 50 4032
m 0 51 2724
m 0 52 3264
m 0 53 3872
m 0 54 2620
f 0 8
m 0 55 2808
m 0 56 3580
m 0 57 4748
m 0 58 1440
m 0 59 2176
m 0 60 1056
f 0 44
m 0 61 5452
m 0 62 4356
m 0 63 3100
m 0 64 1160
m 0 65 3952
m 0 66 908
m 0 67 3636
m 0 68 4616
m 0 69 4412
m 0 70 5584
m 0 71 896
m 0 72 284
m 0 73 700
f 0 10
m 0 74 1164
m 0 75 5128
m 0 76 4880
f 0 7
m 0 77 212
m 0 78 2700
m 0 79 96
m 0 80 4732
m 0 81 3816
m 0 82 2988
m 0 83 4460
m 0 84 1888
m 0 85 1036
m 0 86 1304
m 0 87 2420
m 0 88 3940
f 0 6
m 0 89 4776
m 0 90 1660
m 0 91 4088
m 0 92 1368
m 0 93 2876
f 0 21
f 0 56
m 0 94 768
f 0 51
m 0 95 640
m 0 96 1004
m 0 97 5628
m 0 98 4740
m 0 99 4468
m 0 100 544
m 0 101 5068
f 0 50
f 0 13
m 0 102 5356
m 0 103 4200
m 0 104 4972
f 0 38
m 0 105 5404
m 0 106 2196
m 0 107 2312
m 0 108 4876
m 0 109 192
m 0 110 2996
m 0 111 1676
m 0 112 3360
m 0 113 2432
f 0 26
m 0 114 1396
m 0 115 3384
m 0 116 2176
m 0 117 4616
m 0 118 5656
m 0 119 1428
f 0 63
m 0 120 1080
m 0 121 972
m 0 122 3088
m 0 123 4680
m 0 124 5156
m 0 125 2688
m 0 126 328
m 0 127 4536
m 0 128 664
f 0 15
m 0 129 3484
m 0 130 4820
m 0 131 2488
m 0 132 4784
m 0 133 3120
m 0 134 1232
f 0 19
m 0 135 4856
m 0 136 2276
m 0 137 3108
m 0 138 2376
m 0 139 3732
m 0 140 352
m 0 141 64
m 0 142 3788
m 0 143 3836
m 0 144 860
m 0 145 3944
m 0 146 3368
f 0 45
m 0 147 400
f 0 90
m 0 148 5352
m 0 149 4460
m 0 150 4784
m 0 151 4492
f 0 73
f 0 5
m 0 152 208
m 0 153 648
m 0 154 5208
m 0 155 2924
m 0 156 4964
m 0 157 4352
m 0 158 3264
m 0 159 212
m 0 160 4980
m 0 161 4720
m 0 162 2488
m 0 163 2884
m 0 164 1864
f 0 87
m 0 165 4472
m 0 166 640
m 0 167 2324
m 0 168 2580
f 0 80
m 0 169 4852
m 0 170 1864
m 0 171 4292
m 0 172 3132
m 0 173 4800
m 0 174 3808
m 0 175 2500
f 0 152
m 0 176 1324
f 0 102
m 0 177 3136
m 0 178 852
m 0 179 3568
m 0 180 3380
f 0 64
m 0 181 1100
m 0 182 2044
m 0 183 3720
m 0 184 3284
m 0 185 4528
f 0 93
m 0 186 1660
m 0 187 1620
m 0 188 2900
f 0 136
m 0 189 436
m 0 190 3976
m 0 191 4528
f 0 53
f 0 188
m 0 192 2708
m 0 193 3668
m 0 194 2816
f 0 96
f 0 148
m 0 195 3756
m 0 196 4952
m 0 197 936
m 0 198 5368
m 0 199 3000
m 0 200 3068
m 0 201 3148
m 0 202 2324
m 0 203 2736
m 0 204 1120
m 0 205 3344
m 0 206 3384
m 0 207 4312
m 0 208 3444
f 0 120
f 0 176
m 0 209 5148
m 0 210 1324
m 0 211 3252
m 0 212 3652
f 0 9
f 0 160
m 0 213 5260
m 0 214 4676
m 0 215 68
m 0 216 560
m 0 217 2600
m 0 218 288
m 0 219 1312
m 0 220 2936
m 0 221 3856
f 0 135
m 0 222 1156
m 0 223 3256
m 0 224 5224
m 0 225 2332
m 0 226 784
m 0 227 5064
f 0 12
m 0 228 5124
m 0 229 4212
m 0 230 1036
m 0 231 680
f 0 72
m 0 232 4124
f 0 114
m 0 233 132
m 0 234 1628
m 0 235 1708
m 0 236 3796
m 0 237 2476
m 0 238 1772
m 0 239 416
m 0 240 1548
f 0 164
f 0 219
m 0 241 2668
f 0 170
f 0 17
m 0 242 732
m 0 243 4680
m 0 244 4324
f 0 231
m 0 245 2900
f 0 108
m 0 246 5128
f 0 213
f 0 175
m 0 247 1516
m 0 248 2324
f 0 156
m 0 249 560
m 0 250 3692
m 0 251 2976
m 0 252 5360
m 0 253 3952
m 0 254 2068
m 0 255 792
m 0 256 632
m 0 257 1220
f 0 230
m 0 258 304
f 0 11
m 0 259 5612
f 0 49
m 0 260 4132
m 0 261 2928
m 0 262 1084
f 0 86
f 0 62
m 0 263 4416
m 0 264 1100
m 0 265 3408
m 0 266 4264
m 0 267 1468
m 0 268 3416
f 0 66
f 0 228
f 0 267
m 0 269 4716
m 0 270 356
m 0 271 3232
m 0 272 2572
m 0 273 2928
m 0 274 2196
f 0 14
m 0 275 2884
m 0 276 3708
m 0 277 2180
f 0 60
f 0 25
m 0 278 4796
f 0 233
m 0 279 1036
m 0 280 4592
f 0 179
f 0 261
m 0 281 3480
f 0 273
m 0 282 3056
m 0 283 1320
m 0 284 4292
m 0 285 1604
f 0 183
m 0 286 2856
m 0 287 5456
m 0 288 1420
m 0 289 4732
m 0 290 3640
f 0 111
f 0 68
m 0 291 2284
f 0 146
m 0 292 5200
m 0 293 2056
m 0 294 3956
f 0 262
m 0 295 4928
f 0 171
m 0 296 4016
m 0 297 2712
f 0 52
f 0 224
m 0 298 5100
m 0 299 1100
m 0 300 672
m 0 301 3308
f 0 207
m 0 302 728
m 0 303 1256
m 0 304 3168
m 0 305 124
f 0 226
f 0 98
m 0 306 2308
m 0 307 560
m 0 308 940
m 0 309 3100
m 0 310 52
m 0 311 2208
m 0 312 5172
m 0 313 92
m 0 314 4752
f 0 105
m 0 315 2388
f 0 37
m 0 316 4368
f 0 286
m 0 317 4892
m 0 318 5340
f 0 295
m 0 319 2364
m 0 320 5576
m 0 321 5036
m 0 322 964
m 0 323 2200
m 0 324 2340
m 0 325 1936
m 0 326 3544
m 0 327 3368
m 0 328 2792
m 0 329 3776
f 0 77
m 0 330 360
m 0 331 3220
f 0 245
f 0 153
m 0 332 3188
m 0 333 2300
m 0 334 5528
m 0 335 3512
m 0 336 4292
f 0 28
m 0 337 1828
f 0 91
m 0 338 4680
m 0 339 4036
m 0 340 4812
f 0 209
f 0 128
f 0 202
m 0 341 2632
f 0 298
m 0 342 4424
m 0 343 1160
m 0 344 4196
m 0 345 2728
m 0 346 3984
m 0 347 2748
m 0 348 4932
m 0 349 5304
f 0 253
f 0 278
m 0 350 2044
m 0 351 1472
m 0 352 120
m 0 353 5208
m 0 354 4792
m 0 355 3760
f 0 215
m 0 356 5496
m 0 357 408
m 0 358 3720
m 0 359 1912
m 0 360 2684
f 0 258
m 0 361 104
m 0 362 4092
m 0 363 96
m 0 364 3140
m 0 365 1992
m 0 366 3348
m 0 367 1740
f 0 143
f 0 67
m 0 368 3636
m 0 369 3200
m 0 370 3312
m 0 371 3252
f 0 104
f 0 316
m 0 372 5540
f 0 196
f 0 348
m 0 373 3452
m 0 374 4736
f 0 305
m 0 375 3104
f 0 122
f 0 57
m 0 376 2668
m 0 377 5160
m 0 378 1564
m 0 379 740
m 0 380 5208
m 0 381 840
m 0 382 3440
m 0 383 1324
m 0 384 1792
m 0 385 3452
m 0 386 2284
m 0 387 3440
m 0 388 1692
f 0 43
f 0 376
m 0 389 3128
m 0 390 1184
f 0 246
m 0 391 2476
m 0 392 312
m 0 393 3708
m 0 394 2004
m 0 395 4840
m 0 396 3512
f 0 165
m 0 397 1256
f 0 371
m 0 398 4424
f 0 299
m 0 399 4448
m 0 400 5168
f 0 341
m 0 401 2824
m 0 402 1644
m 0 403 396
m 0 404 2148
m 0 405 1656
m 0 406 500
m 0 407 5400
m 0 408 4964
m 0 409 2440
m 0 410 3920
f 0 344
m 0 411 5412
f 0 330
f 0 394
f 0 172
m 0 412 2644
f 0 124
m 0 413 3116
m 0 414 636
m 0 415 2156
m 0 416 3376
f 0 362
f 0 32
m 0 417 5284
m 0 418 1608
m 0 419 5208
f 0 323
f 0 101
m 0 420 692
m 0 421 4744
f 0 249
m 0 422 1844
f 0 131
m 0 423 552
m 0 424 864
m 0 425 4532
m 0 426 1824
m 0 427 2252
m 0 428 892
m 0 429 4972
m 0 430 5368
m 0 431 440
m 0 432 2824
m 0 433 1884
m 0 434 2476
m 0 435 4292
f 0 407
m 0 436 3488
f 0 283
m 0 437 104
m 0 438 4412
m 0 439 1412
f 0 409
m 0 440 3988
m 0 441 1888
m 0 442 1508
m 0 443 984
m 0 444 5260
m 0 445 592
f 0 27
m 0 446 1668
m 0 447 5464
m 0 448 60
m 0 449 2276
m 0 450 3888
f 0 256
f 0 398
f 0 434
f 0 438
m 0 451 2200
f 0 324
f 0 301
m 0 452 2084
m 0 453 368
f 0 88
m 0 454 5388
m 0 455 2400
m 0 456 1548
m 0 457 2920
f 0 40
m 0 458 2060
f 0 396
m 0 459 2856
m 0 460 3612
m 0 461 804
m 0 462 2852
m 0 463 2240
m 0 464 664
m 0 465 4280
m 0 466 1804
m 0 467 1456
m 0 468 2120
m 0 469 1704
m 0 470 5488
f 0 406
m 0 471 3712
m 0 472 5052
f 0 201
m 0 473 3052
f 0 155
m 0 474 2732
f 0 121
f 0 34
f 0 370
m 0 475 5112
f 0 84
m 0 476 2180
m 0 477 2624
f 0 269
m 0 478 144
m 0 479 2244
f 0 204
m 0 480 5056
m 0 481 844
f 0 132
m 0 482 1156
m 0 483 1856
f 0 147
m 0 484 1496
f 0 469
f 0 452
f 0 29
m 0 485 4800
m 0 486 3324
m 0 487 4216
m 0 488 1132
f 0 31
m 0 489 2580
f 0 466
m 0 490 4928
m 0 491 3552
m 0 492 4392
m 0 493 5076
m 0 494 1944
m 0 495 592
m 0 496 980
f 0 294
f 0 319
f 0 139
m 0 497 1348
f 0 69
m 0 498 2644
f 0 408
f 0 494
f 0 336
f 0 48
m 0 499 2760
f 0 20
f 0 414
f 0 458
f 0 218
f 0 402
m 0 500 3596
m 0 501 312
f 0 214
f 0 125
m 0 502 2688
m 0 503 4036
f 0 310
f 0 388
f 0 470
f 0 24
f 0 103
f 0 70
m 0 504 1520
m 0 505 1296
m 0 506 1980
m 0 507 5136
m 0 508 376
f 0 227
m 0 509 1316
m 0 510 4816
f 0 503
f 0 353
f 0 420
m 0 511 5052
m 0 512 3352
f 0 221
f 0 166
m 0 513 4336
f 0 317
m 0 514 3648
m 0 515 5276
f 0 190
m 0 516 2392
f 0 4
f 0 206
m 0 517 436
m 0 518 4856
f 0 447
m 0 519 2600
m 0 520 5208
f 0 456
f 0 235
f 0 119
m 0 521 1120
m 0 522 3940
m 0 523 3028
f 0 511
f 0 360
f 0 400
f 0 411
m 0 524 4076
f 0 314
f 0 154
m 0 525 656
m 0 526 1332
m 0 527 3396
f 0 401
m 0 528 5520
f 0 495
f 0 281
m 0 529 4116
m 0 530 5544
m 0 531 4544
f 0 71
f 0 432
m 0 532 2380
m 0 533 36
m 0 534 4340
f 0 515
f 0 450
f 0 395
f 0 237
m 0 535 596
m 0 536 752
m 0 537 2328
m 0 538 2888
m 0 539 2828
m 0 540 1008
f 0 525
m 0 541 3044
m 0 542 2256
f 0 539
f 0 403
f 0 54
m 0 543 4652
m 0 544 1372
m 0 545 720
m 0 546 3036
m 0 547 1644
m 0 548 4844
m 0 549 3764
m 0 550 4516
m 0 551 3996
m 0 552 5308
m 0 553 892
f 0 263
f 0 134
m 0 554 2448
f 0 307
f 0 266
m 0 555 5520
m 0 556 1432
m 0 557 5036
f 0 357
m 0 558 2812
m 0 559 344
f 0 510
f 0 195
f 0 82
m 0 560 3432
m 0 561 176
f 0 448
f 0 116
f 0 334
m 0 562 1876
m 0 563 5492
f 0 555
m 0 564 3760
f 0 291
f 0 560
m 0 565 5268
f 0 377
m 0 566 660
m 0 567 4784
m 0 568 1152
m 0 569 4920
f 0 415
m 0 570 2356
f 0 529
f 0 467
f 0 423
m 0 571 312
m 0 572 1008
f 0 118
m 0 573 1072
m 0 574 5344
f 0 318
m 0 575 3048
f 0 548
m 0 576 5204
m 0 577 3544
m 0 578 3052
f 0 272
m 0 579 5312
m 0 580 408
f 0 552
f 0 127
m 0 581 3972
m 0 582 5088
f 0 240
f 0 197
f 0 284
f 0 342
m 0 583 4836
f 0 251
m 0 584 4708
m 0 585 4712
m 0 586 5268
f 0 167
m 0 587 1824
f 0 478
f 0 472
m 0 588 16
f 0 350
m 0 589 168
m 0 590 4112
m 0 591 520
m 0 592 3256
m 0 593 3092
f 0 260
m 0 594 3304
m 0 595 2804
m 0 596 1536
m 0 597 1256
m 0 598 5356
m 0 599 764
m 0 600 2408
f 0 499
m 0 601 1532
f 0 587
m 0 602 3432
f 0 433
f 0 358
f 0 520
m 0 603 3296
f 0 481
m 0 604 408
m 0 605 2480
f 0 468
f 0 337
f 0 589
f 0 150
m 0 606 216
f 0 488
f 0 289
m 0 607 1032
f 0 308
m 0 608 1004
m 0 609 1832
m 0 610 3112
f 0 504
m 0 611 1732
f 0 530
f 0 492
f 0 361
m 0 612 64
f 0 79
m 0 613 4140
m 0 614 3924
m 0 615 2192
m 0 616 1444
m 0 617 4476
m 0 618 3648
f 0 513
f 0 574
m 0 619 3024
m 0 620 576
m 0 621 3324
m 0 622 1884
f 0 236
f 0 244
f 0 585
m 0 623 376
f 0 322
m 0 624 832
f 0 335
m 0 625 1780
f 0 180
m 0 626 2548
f 0 137
f 0 580
m 0 627 5152
m 0 628 3620
m 0 629 1764
f 0 169
m 0 630 1612
m 0 631 1200
f 0 187
m 0 632 4544
m 0 633 3940
m 0 634 872
m 0 635 1168
f 0 247
m 0 636 4692
m 0 637 5192
m 0 638 1676
m 0 639 3064
f 0 622
m 0 640 2532
f 0 522
m 0 641 4700
f 0 178
f 0 592
m 0 642 1220
f 0 359
f 0 559
m 0 643 1512
f 0 582
f 0 405
m 0 644 4788
m 0 645 2944
m 0 646 1464
f 0 543
m 0 647 1372
f 0 428
m 0 648 5588
f 0 418
m 0 649 5024
m 0 650 4920
m 0 651 5632
m 0 652 580
f 0 528
m 0 653 2468
m 0 654 2188
m 0 655 4008
f 0 534
m 0 656 3600
f 0 638
m 0 657 5036
f 0 373
f 0 254
m 0 658 4872
f 0 457
m 0 659 644
m 0 660 5232
m 0 661 3080
f 0 646
f 0 564
f 0 363
m 0 662 2308
f 0 248
m 0 663 5588
f 0 151
m 0 664 5120
f 0 465
f 0 623
m 0 665 4376
f 0 605
f 0 621
f 0 561
f 0 631
m 0 666 3976
f 0 163
f 0 381
m 0 667 796
m 0 668 5040
m 0 669 4784
m 0 670 4108
f 0 346
m 0 671 5240
f 0 599
f 0 302
m 0 672 1100
m 0 673 3184
f 0 556
m 0 674 680
m 0 675 2480
m 0 676 4344
m 0 677 1916
m 0 678 1756
m 0 679 2140
f 0 208
m 0 680 256
m 0 681 2908
f 0 168
f 0 205
f 0 659
f 0 572
f 0 598
f 0 327
m 0 682 4492
m 0 683 1096
m 0 684 2420
m 0 685 1956
m 0 686 1740
f 0 446
f 0 426
f 0 521
f 0 604
m 0 687 5164
f 0 435
f 0 257
m 0 688 5580
m 0 689 1624
f 0 575
m 0 690 5196
m 0 691 5636
m 0 692 4152
f 0 440
m 0 693 440
f 0 611
f 0 624
f 0 507
f 0 437
m 0 694 1832
f 0 354
m 0 695 2200
m 0 696 3556
m 0 697 1512
m 0 698 916
f 0 315
m 0 699 472
m 0 700 4148
f 0 374
m 0 701 4756
f 0 383
f 0 663
m 0 702 5104
m 0 703 2840
f 0 399
f 0 588
f 0 345
f 0 436
m 0 704 5048
m 0 705 868
f 0 526
f 0 55
f 0 562
f 0 159
m 0 706 3628
f 0 523
m 0 707 3684
m 0 708 3888
m 0 709 3376
f 0 223
m 0 710 2368
f 0 473
f 0 648
f 0 479
f 0 453
f 0 518
f 0 270
m 0 711 5624
f 0 194
m 0 712 2988
m 0 713 3004
f 0 600
m 0 714 2684
f 0 665
f 0 687
f 0 268
f 0 581
f 0 61
f 0 524
f 0 222
m 0 715 5556
f 0 643
f 0 701
f 0 181
m 0 716 4872
f 0 332
m 0 717 4944
m 0 718 2508
f 0 609
f 0 203
f 0 673
f 0 158
f 0 704
f 0 331
m 0 719 2556
f 0 425
f 0 340
f 0 422
m 0 720 2544
f 0 498
f 0 649
f 0 549
f 0 378
f 0 144
f 0 712
m 0 721 2096
m 0 722 4096
f 0 288
f 0 697
f 0 569
f 0 596
f 0 640
f 0 682
m 0 723 1456
m 0 724 4672
f 0 630
f 0 107
m 0 725 4256
m 0 726 2940
f 0 351
f 0 285
m 0 727 1908
m 0 728 4076
f 0 259
f 0 39
f 0 618
m 0 729 3368
m 0 730 5308
f 0 161
f 0 390
f 0 92
f 0 487
m 0 731 308
f 0 210
m 0 732 2128
m 0 733 2540
f 0 280
f 0 489
f 0 292
f 0 547
m 0 734 5148
f 0 410
m 0 735 2260
m 0 736 1568
f 0 732
f 0 113
f 0 735
f 0 601
f 0 140
m 0 737 4596
m 0 738 2380
m 0 739 1008
m 0 740 5232
f 0 729
f 0 85
m 0 741 3980
f 0 567
f 0 713
f 0 349
m 0 742 3696
f 0 677
m 0 743 3016
m 0 744 2004
f 0 711
m 0 745 4904
m 0 746 1692
f 0 459
m 0 747 2692
m 0 748 1936
f 0 65
m 0 749 100
m 0 750 3896
f 0 441
m 0 751 2616
f 0 352
m 0 752 2252
f 0 471
f 0 681
f 0 544
f 0 162
m 0 753 3328
f 0 30
f 0 675
f 0 297
f 0 296
f 0 550
f 0 145
f 0 126
m 0 754 5664
f 0 629
m 0 755 3060
m 0 756 696
m 0 757 3560
m 0 758 240
f 0 714
f 0 627
m 0 759 1804
f 0 427
f 0 594
m 0 760 5244
f 0 276
f 0 557
f 0 626
m 0 761 20
f 0 189
m 0 762 5656
m 0 763 4204
f 0 18
m 0 764 628
f 0 651
m 0 765 1276
m 0 766 5452
f 0 692
f 0 664
m 0 767 344
f 0 674
f 0 608
m 0 768 1844
m 0 769 660
f 0 603
f 0 653
f 0 429
f 0 751
f 0 671
m 0 770 1180
m 0 771 1528
f 0 536
f 0 710
m 0 772 4872
f 0 3
f 0 490
f 0 669
m 0 773 5276
f 0 174
m 0 774 2552
f 0 232
f 0 747
m 0 775 2876
f 0 451
f 0 311
f 0 745
f 0 392
m 0 776 2296
m 0 777 1480
f 0 721
f 0 366
f 0 661
f 0 533
f 0 616
m 0 778 5540
m 0 779 1432
f 0 632
f 0 312
f 0 482
m 0 780 5624
m 0 781 728
f 0 760
m 0 782 468
m 0 783 1760
m 0 784 1156
f 0 748
f 0 756
f 0 777
f 0 274
m 0 785 232
f 0 716
m 0 786 3332
f 0 590
f 0 723
m 0 787 216
m 0 788 2784
f 0 733
m 0 789 376
m 0 790 3036
f 0 744
f 0 417
m 0 791 5512
m 0 792 220
m 0 793 2692
m 0 794 4532
f 0 691
f 0 416
f 0 463
f 0 595
f 0 275
f 0 97
f 0 579
m 0 795 1760
m 0 796 4264
f 0 460
m 0 797 3724
f 0 384
f 0 115
f 0 690
m 0 798 1780
f 0 2
f 0 142
f 0 138
f 0 784
f 0 740
f 0 355
f 0 200
m 0 799 3516
f 0 642
m 0 800 1212
m 0 801 3364
m 0 802 1412
m 0 803 5048
f 0 689
m 0 804 5084
m 0 805 3692
f 0 772
f 0 1
m 0 806 5088
f 0 767
f 0 442
f 0 591
m 0 807 5212
m 0 808 2456
m 0 809 3364
f 0 738
f 0 792
f 0 668
m 0 810 3092
m 0 811 4692
f 0 485
m 0 812 776
m 0 813 4568
m 0 814 1724
f 0 730
f 0 117
f 0 320
f 0 693
f 0 387
f 0 790
f 0 672
f 0 731
m 0 815 5340
f 0 634
f 0 685
m 0 816 3368
m 0 817 2820
f 0 477
f 0 393
f 0 439
f 0 602
f 0 774
f 0 617
m 0 818 1384
m 0 819 4168
m 0 820 116
f 0 758
f 0 333
f 0 720
f 0 46
m 0 821 4968
m 0 822 2396
f 0 737
f 0 660
m 0 823 2472
m 0 824 5328
f 0 491
f 0 287
f 0 75
f 0 817
f 0 497
m 0 825 576
m 0 826 2992
m 0 827 5168
m 0 828 692
f 0 770
m 0 829 424
f 0 177
f 0 506
f 0 347
f 0 538
f 0 505
f 0 225
f 0 509
f 0 654
m 0 830 2896
f 0 382
m 0 831 812
f 0 424
f 0 768
m 0 832 5380
f 0 496
f 0 462
f 0 650
m 0 833 3552
f 0 785
f 0 763
f 0 212
m 0 834 4796
f 0 279
f 0 186
f 0 684
f 0 628
f 0 597
f 0 239
m 0 835 1388
f 0 74
f 0 112
f 0 109
m 0 836 5272
m 0 837 836
f 0 637
m 0 838 3072
m 0 839 840
m 0 840 4896
f 0 380
m 0 841 3292
f 0 811
f 0 802
f 0 824
m 0 842 1492
f 0 606
f 0 614
m 0 843 1844
f 0 700
f 0 709
m 0 844 2856
f 0 805
m 0 845 1724
m 0 846 236
m 0 847 3380
f 0 593
m 0 848 4696
m 0 849 2972
f 0 321
f 0 633
m 0 850 4080
f 0 746
f 0 419
f 0 455
m 0 851 3004
f 0 397
m 0 852 2696
f 0 852
f 0 271
f 0 610
f 0 192
f 0 788
f 0 830
f 0 563
f 0 801
m 0 853 3772
f 0 568
m 0 854 5080
f 0 290
f 0 799
f 0 375
f 0 185
m 0 855 236
m 0 856 5392
f 0 577
f 0 309
m 0 857 2204
f 0 493
m 0 858 4804
f 0 431
f 0 703
m 0 859 272
m 0 860 312
f 0 578
m 0 861 3692
f 0 527
m 0 862 3468
f 0 484
m 0 863 2240
f 0 846
m 0 864 3532
f 0 300
m 0 865 860
m 0 866 3368
f 0 444
m 0 867 4932
f 0 667
f 0 389
f 0 778
f 0 217
f 0 787
m 0 868 636
m 0 869 4016
m 0 870 3740
f 0 647
f 0 94
f 0 607
m 0 871 2328
m 0 872 2476
f 0 99
m 0 873 1360
f 0 541
f 0 706
f 0 819
f 0 326
f 0 123
f 0 759
m 0 874 4372
m 0 875 1396
m 0 876 2548
m 0 877 732
m 0 878 2068
m 0 879 1720
f 0 252
f 0 831
f 0 391
m 0 880 1404
f 0 641
m 0 881 780
m 0 882 476
f 0 753
m 0 883 896
f 0 809
f 0 812
f 0 576
f 0 743
f 0 625
f 0 517
f 0 764
f 0 813
f 0 717
f 0 866
f 0 794
m 0 884 1884
f 0 620
f 0 583
f 0 241
m 0 885 2768
f 0 859
f 0 851
f 0 502
f 0 766
m 0 886 2848
f 0 844
m 0 887 4476
f 0 303
f 0 699
f 0 476
f 0 325
f 0 255
f 0 839
m 0 888 1440
m 0 889 5556
f 0 449
f 0 783
f 0 193
f 0 736
m 0 890 3160
f 0 750
f 0 886
m 0 891 1060
m 0 892 3908
m 0 893 4456
f 0 803
f 0 412
f 0 59
m 0 894 2984
f 0 868
m 0 895 5340
m 0 896 1664
f 0 501
m 0 897 96
f 0 847
f 0 873
f 0 702
f 0 313
f 0 678
f 0 461
f 0 892
f 0 796
f 0 885
m 0 898 2280
f 0 695
f 0 372
m 0 899 1192
f 0 705
f 0 16
f 0 570
m 0 900 1128
f 0 277
f 0 771
f 0 553
f 0 842
f 0 551
f 0 191
m 0 901 836
f 0 707
m 0 902 2816
f 0 304
f 0 78
m 0 903 1808
f 0 639
m 0 904 1012
m 0 905 2804
m 0 906 4704
m 0 907 3852
m 0 908 240
f 0 540
m 0 909 272
f 0 781
f 0 130
f 0 818
f 0 42
f 0 173
f 0 655
f 0 22
f 0 615
f 0 573
f 0 696
f 0 855
f 0 443
m 0 910 2908
f 0 845
m 0 911 4856
f 0 184
f 0 133
f 0 234
f 0 106
m 0 912 4824
f 0 754
f 0 870
f 0 880
f 0 58
f 0 734
f 0 765
m 0 913 4852
m 0 914 2960
f 0 791
f 0 662
f 0 867
f 0 636
m 0 915 3128
f 0 430
f 0 645
f 0 293
f 0 874
f 0 566
m 0 916 4764
f 0 837
m 0 917 1372
f 0 761
m 0 918 2080
f 0 516
f 0 823
m 0 919 552
f 0 584
m 0 920 2468
f 0 36
f 0 920
f 0 858
m 0 921 2692
m 0 922 3928
f 0 282
m 0 923 952
f 0 211
f 0 157
m 0 924 4472
f 0 797
m 0 925 4560
f 0 898
f 0 367
f 0 739
m 0 926 2044
f 0 917
f 0 519
f 0 849
m 0 927 4312
f 0 832
m 0 928 292
f 0 89
f 0 888
m 0 929 2244
m 0 930 3716
f 0 930
f 0 807
f 0 141
f 0 486
f 0 916
f 0 838
f 0 149
m 0 931 5292
f 0 856
f 0 95
f 0 820
m 0 932 592
f 0 900
f 0 908
f 0 828
f 0 742
f 0 815
f 0 912
f 0 47
m 0 933 5600
f 0 656
f 0 876
f 0 932
f 0 666
f 0 925
f 0 679
f 0 779
f 0 644
f 0 773
m 0 934 3524
m 0 935 1920
f 0 535
f 0 919
m 0 936 5616
f 0 915
f 0 827
f 0 83
f 0 243
f 0 782
f 0 619
f 0 41
f 0 895
f 0 907
m 0 937 3316
f 0 182
f 0 474
f 0 853
f 0 833
f 0 338
f 0 909
f 0 356
m 0 938 5636
m 0 939 844
f 0 23
f 0 854
f 0 571
f 0 565
m 0 940 2972
m 0 941 1540
m 0 942 1112
f 0 862
f 0 719
f 0 508
m 0 943 884
f 0 923
m 0 944 2052
f 0 365
f 0 928
m 0 945 1620
m 0 946 5492
f 0 727
m 0 947 1224
f 0 100
m 0 948 4324
f 0 635
f 0 755
m 0 949 4720
f 0 686
f 0 386
m 0 950 1968
f 0 913
f 0 879
f 0 899
f 0 724
f 0 0
f 0 810
f 0 806
f 0 385
m 0 951 2320
f 0 775
f 0 769
f 0 199
f 0 808
m 0 952 2864
f 0 945
f 0 947
f 0 220
f 0 708
f 0 814
f 0 834
f 0 715
f 0 921
f 0 369
f 0 877
f 0 864
f 0 81
f 0 718
f 0 532
f 0 816
f 0 935
m 0 953 2608
m 0 954 5436
f 0 850
f 0 250
f 0 826
f 0 927
f 0 537
f 0 914
m 0 955 5444
m 0 956 2924
f 0 480
f 0 871
f 0 558
f 0 890
f 0 891
m 0 957 620
f 0 918
m 0 958 1836
f 0 922
f 0 872
m 0 959 5524
f 0 954
m 0 960 2460
f 0 937
f 0 110
m 0 961 4600
f 0 848
m 0 962 5616
f 0 229
f 0 896
f 0 694
f 0 757
f 0 728
f 0 955
f 0 545
f 0 926
f 0 454
m 0 963 5176
f 0 942
m 0 964 2172
f 0 780
f 0 939
m 0 965 5324
f 0 902
f 0 612
f 0 829
f 0 841
m 0 966 4016
f 0 882
f 0 35
f 0 238
f 0 857
f 0 670
m 0 967 3868
f 0 878
f 0 795
m 0 968 5336
f 0 843
f 0 968
f 0 933
f 0 798
f 0 924
m 0 969 3688
f 0 875
f 0 887
f 0 911
f 0 512
m 0 970 2264
f 0 951
f 0 329
m 0 971 304
f 0 652
f 0 613
f 0 960
f 0 863
f 0 936
f 0 957
f 0 514
f 0 328
f 0 676
m 0 972 2700
f 0 776
f 0 941
f 0 940
f 0 958
f 0 869
m 0 973 3048
m 0 974 2588
f 0 956
m 0 975 884
f 0 970
f 0 929
f 0 306
f 0 680
f 0 698
f 0 762
f 0 554
m 0 976 2008
f 0 952
f 0 658
f 0 976
m 0 977 3012
f 0 413
f 0 950
f 0 893
f 0 966
f 0 964
f 0 264
m 0 978 3776
f 0 946
f 0 963
f 0 938
m 0 979 2052
f 0 978
f 0 972
f 0 445
f 0 889
m 0 980 4204
m 0 981 1004
f 0 33
f 0 959
f 0 657
m 0 982 4860
m 0 983 4768
f 0 216
f 0 983
f 0 364
m 0 984 3112
f 0 688
f 0 931
f 0 726
f 0 586
f 0 804
f 0 752
f 0 242
f 0 836
f 0 198
m 0 985 2104
f 0 129
f 0 339
f 0 971
f 0 421
m 0 986 192
f 0 965
f 0 475
f 0 934
f 0 897
f 0 786
m 0 987 1220
f 0 840
f 0 953
f 0 821
m 0 988 1584
f 0 483
m 0 989 632
f 0 987
f 0 962
f 0 894
f 0 500
f 0 980
f 0 683
f 0 981
f 0 903
f 0 943
f 0 901
f 0 825
f 0 986
f 0 984
f 0 906
f 0 835
f 0 989
m 0 990 4096
f 0 883
f 0 949
f 0 904
f 0 265
f 0 464
f 0 822
f 0 722
f 0 531
f 0 944
f 0 973
f 0 800
m 0 991 3576
f 0 546
f 0 990
f 0 884
f 0 725
f 0 741
f 0 991
f 0 542
f 0 982
f 0 979
f 0 368
f 0 967
f 0 789
f 0 988
f 0 975
f 0 861
m 0 992 3304
f 0 910
f 0 76
f 0 992
m 0 993 1128
f 0 343
f 0 974
f 0 793
f 0 961
f 0 969
f 0 860
m 0 994 2112
f 0 948
m 0 995 5512
f 0 905
f 0 379
f 0 993
f 0 865
m 0 996 3840
f 0 994
f 0 985
m 0 997 5184
f 0 996
f 0 977
m 0 998 592
f 0 997
m 0 999 148
f 0 881
f 0 999
f 0 404
f 0 749
f 0 995
f 0 998
