m 0 0 2896
m 0 1 2884
m 0 2 3264
m 0 3 712
m 0 4 2688
m 0 5 4796
m 0 6 1388
m 0 7 796
m 0 8 2740
m 0 9 2192
m 0 10 4640
m 0 11 2468
m 0 12 2544
m 0 13 2472
m 0 14 1720
m 0 15 3384
m 0 16 72
m 0 17 4316
m 0 18 4116
m 0 19 2480
m 0 20 3400
m 0 21 44
m 0 22 2112
m 0 23 3960
m 0 24 4368
m 0 25 1020
m 0 26 4320
m 0 27 668
m 0 28 4780
m 0 29 696
m 0 30 3720
m 0 31 2228
m 0 32 1448
m 0 33 3408
m 0 34 1984
m 0 35 976
m 0 36 4328
m 0 37 1228
m 0 38 388
m 0 39 3368
m 0 40 1268
m 0 41 520
m 0 42 1384
m 0 43 1360
m 0 44 2460
m 0 45 2300
m 0 46 380
m 0 47 1212
m 0 48 300
m 0 49 2476
m 0 50 4444
m 0 51 2140
m 0 52 1244
m 0 53 3660
m 0 54 4088
m 0 55 764
m 0 56 2988
m 0 57 2872
m 0 58 192
m 0 59 2284
m 0 60 2688
m 0 61 100
m 0 62 2416
m 0 63 4088
m 0 64 4856
m 0 65 1256
m 0 66 4192
m 0 67 40
m 0 68 2456
m 0 69 2388
m 0 70 3312
m 0 71 2372
m 0 72 4352
m 0 73 1928
m 0 74 296
m 0 75 2092
m 0 76 4224
m 0 77 4492
m 0 78 4684
m 0 79 424
m 0 80 2968
m 0 81 252
m 0 82 3376
m 0 83 4148
m 0 84 744
m 0 85 4268
m 0 86 1060
m 0 87 336
m 0 88 444
m 0 89 2332
m 0 90 952
m 0 91 3716
m 0 92 3936
m 0 93 708
m 0 94 532
m 0 95 1192
m 0 96 4172
m 0 97 1736
m 0 98 3644
m 0 99 3012
m 0 100 2632
m 0 101 4476
m 0 102 3852
m 0 103 2500
f 0 46
m 0 104 1904
m 0 105 1760
m 0 106 4404
m 0 107 1556
m 0 108 1692
m 0 109 300
m 0 110 2080
m 0 111 4756
m 0 112 832
m 0 113 1840
m 0 114 448
m 0 115 2736
m 0 116 348
m 0 117 316
m 0 118 3828
m 0 119 1568
m 0 120 4796
m 0 121 3324
m 0 122 3948
m 0 123 2444
m 0 124 2856
m 0 125 4724
m 0 126 1692
m 0 127 3348
m 0 128 4648
m 0 129 2064
m 0 130 4612
f 0 75
m 0 131 1460
m 0 132 2108
m 0 133 2316
f 0 85
m 0 134 2404
m 0 135 2648
m 0 136 1816
m 0 137 3644
m 0 138 3620
m 0 139 3696
m 0 140 3724
m 0 141 2256
m 0 142 3452
m 0 143 748
m 0 144 2628
m 0 145 1120
m 0 146 468
m 0 147 1036
m 0 148 28
m 0 149 1424
m 0 150 4872
m 0 151 356
m 0 152 1652
m 0 153 3804
m 0 154 2576
m 0 155 616
m 0 156 1860
m 0 157 1444
m 0 158 4100
m 0 159 4552
m 0 160 1652
m 0 161 3120
m 0 162 724
f 0 148
m 0 163 4252
m 0 164 1592
m 0 165 2956
m 0 166 2268
m 0 167 4076
m 0 168 624
m 0 169 572
m 0 170 200
m 0 171 2232
m 0 172 1584
m 0 173 2260
m 0 174 2000
m 0 175 2920
m 0 176 284
m 0 177 2880
m 0 178 4572
m 0 179 3396
m 0 180 4172
m 0 181 2768
m 0 182 4220
m 0 183 3640
m 0 184 4636
m 0 185 4140
m 0 186 4756
m 0 187 3428
m 0 188 4384
m 0 189 684
m 0 190 1376
m 0 191 492
m 0 192 1240
m 0 193 1088
m 0 194 3636
m 0 195 3936
m 0 196 2776
m 0 197 3980
m 0 198 3232
m 0 199 608
m 0 200 1488
m 0 201 436
f 0 7
m 0 202 4172
m 0 203 1632
m 0 204 64
m 0 205 1844
f 0 87
m 0 206 1180
m 0 207 4832
m 0 208 2536
m 0 209 2356
m 0 210 2608
m 0 211 4804
m 0 212 4068
m 0 213 2724
m 0 214 2188
m 0 215 4108
m 0 216 3864
m 0 217 604
m 0 218 4300
m 0 219 2688
m 0 220 2896
m 0 221 516
m 0 222 1068
m 0 223 872
m 0 224 4372
m 0 225 3848
m 0 226 2872
m 0 227 272
m 0 228 1480
m 0 229 2328
m 0 230 4076
m 0 231 2808
f 0 227
m 0 232 2752
m 0 233 2304
m 0 234 2764
m 0 235 4324
f 0 130
m 0 236 1588
m 0 237 4112
f 0 214
m 0 238 3912
m 0 239 1852
m 0 240 28
m 0 241 2760
m 0 242 1204
m 0 243 1844
m 0 244 652
m 0 245 3900
m 0 246 1416
m 0 247 96
f 0 235
m 0 248 704
m 0 249 316
m 0 250 3268
m 0 251 1508
m 0 252 3992
m 0 253 3172
m 0 254 1712
m 0 255 2560
m 0 256 1516
m 0 257 4636
m 0 258 4708
m 0 259 872
m 0 260 2680
m 0 261 3228
m 0 262 3392
m 0 263 1176
m 0 264 2884
f 0 65
m 0 265 2700
m 0 266 2664
m 0 267 1892
m 0 268 2632
m 0 269 2768
m 0 270 856
m 0 271 4796
m 0 272 44
m 0 273 1068
m 0 274 392
m 0 275 448
m 0 276 176
m 0 277 668
m 0 278 4720
m 0 279 3996
m 0 280 4652
m 0 281 3392
m 0 282 2976
m 0 283 912
m 0 284 4192
m 0 285 96
m 0 286 4344
m 0 287 1336
m 0 288 4672
m 0 289 2476
m 0 290 3376
m 0 291 1652
m 0 292 4276
f 0 41
m 0 293 4860
m 0 294 1484
m 0 295 3820
m 0 296 648
m 0 297 2900
m 0 298 1012
m 0 299 760
m 0 300 3460
m 0 301 4308
m 0 302 2288
m 0 303 1868
m 0 304 1904
f 0 221
m 0 305 804
m 0 306 2988
m 0 307 4000
m 0 308 2628
m 0 309 2044
m 0 310 2556
m 0 311 2364
m 0 312 2056
m 0 313 840
m 0 314 4096
m 0 315 680
m 0 316 664
f 0 101
m 0 317 3536
m 0 318 1936
m 0 319 1584
m 0 320 1104
m 0 321 2508
m 0 322 2180
m 0 323 3008
m 0 324 116
m 0 325 1140
f 0 5
m 0 326 4516
m 0 327 4628
m 0 328 1728
m 0 329 2132
m 0 330 620
m 0 331 1864
m 0 332 3532
m 0 333 1376
m 0 334 4840
m 0 335 228
m 0 336 1420
m 0 337 776
f 0 231
m 0 338 3780
m 0 339 4668
m 0 340 3820
m 0 341 2120
f 0 338
m 0 342 936
m 0 343 2208
m 0 344 1988
m 0 345 3652
m 0 346 136
m 0 347 3564
f 0 347
m 0 348 1952
f 0 78
m 0 349 3232
m 0 350 4684
m 0 351 824
m 0 352 36
m 0 353 576
m 0 354 3440
f 0 229
f 0 203
m 0 355 4212
m 0 356 1760
m 0 357 776
m 0 358 304
m 0 359 2188
m 0 360 1888
m 0 361 4532
m 0 362 2268
m 0 363 4180
f 0 246
m 0 364 4496
m 0 365 2648
m 0 366 4464
m 0 367 3144
m 0 368 4864
m 0 369 884
m 0 370 2920
m 0 371 1868
m 0 372 636
f 0 311
m 0 373 3220
m 0 374 4772
m 0 375 2592
m 0 376 3624
m 0 377 500
m 0 378 3852
f 0 291
m 0 379 1664
m 0 380 1608
m 0 381 620
m 0 382 8
m 0 383 268
f 0 83
m 0 384 1348
m 0 385 1240
m 0 386 1936
f 0 230
m 0 387 640
m 0 388 2664
m 0 389 4100
m 0 390 2124
m 0 391 3756
m 0 392 324
m 0 393 1944
m 0 394 3128
m 0 395 4356
m 0 396 3848
f 0 321
m 0 397 500
m 0 398 3084
f 0 146
m 0 399 3204
m 0 400 3056
f 0 236
m 0 401 3428
m 0 402 2076
f 0 71
m 0 403 1192
m 0 404 1708
m 0 405 1052
m 0 406 1512
m 0 407 1252
f 0 111
f 0 375
m 0 408 8
m 0 409 2236
f 0 366
m 0 410 1020
m 0 411 796
m 0 412 3712
m 0 413 4048
f 0 25
m 0 414 2296
m 0 415 1496
m 0 416 108
m 0 417 1224
m 0 418 1864
m 0 419 1760
m 0 420 4044
m 0 421 1272
m 0 422 564
m 0 423 2964
m 0 424 1396
m 0 425 4060
m 0 426 1452
m 0 427 284
m 0 428 2260
m 0 429 4572
f 0 412
m 0 430 4520
m 0 431 1168
m 0 432 1952
m 0 433 2112
f 0 8
m 0 434 80
m 0 435 3028
m 0 436 4260
m 0 437 3652
f 0 381
m 0 438 3688
m 0 439 2184
m 0 440 272
m 0 441 3384
m 0 442 3636
m 0 443 1896
m 0 444 2880
m 0 445 3396
m 0 446 368
m 0 447 2888
m 0 448 3132
m 0 449 4172
f 0 268
m 0 450 2488
m 0 451 3724
m 0 452 96
m 0 453 2960
m 0 454 2768
f 0 441
m 0 455 2196
m 0 456 3064
m 0 457 3364
m 0 458 1980
m 0 459 3312
f 0 79
m 0 460 4096
m 0 461 1928
f 0 159
m 0 462 2116
m 0 463 4576
m 0 464 2924
m 0 465 3936
f 0 123
m 0 466 4504
m 0 467 3128
m 0 468 900
m 0 469 1496
m 0 470 1972
m 0 471 3552
f 0 415
m 0 472 868
m 0 473 3992
f 0 144
m 0 474 2916
m 0 475 2784
m 0 476 520
m 0 477 2508
m 0 478 232
m 0 479 932
m 0 480 3124
m 0 481 224
m 0 482 860
m 0 483 4336
m 0 484 2560
m 0 485 4596
m 0 486 3136
m 0 487 3604
m 0 488 420
m 0 489 4096
m 0 490 1012
m 0 491 3464
m 0 492 3584
m 0 493 3976
m 0 494 3168
m 0 495 324
m 0 496 240
m 0 497 4448
f 0 429
m 0 498 1460
m 0 499 116
m 0 500 3428
m 0 501 1760
m 0 502 2280
m 0 503 732
f 0 363
m 0 504 3928
m 0 505 4008
m 0 506 2064
m 0 507 2136
m 0 508 1412
m 0 509 1216
m 0 510 2528
m 0 511 1320
m 0 512 472
m 0 513 4536
m 0 514 2908
f 0 252
m 0 515 4472
m 0 516 136
m 0 517 2592
m 0 518 2144
m 0 519 952
m 0 520 3556
m 0 521 1096
m 0 522 2916
m 0 523 4284
m 0 524 3880
m 0 525 2928
m 0 526 4084
m 0 527 3744
m 0 528 4736
m 0 529 2176
m 0 530 2312
m 0 531 1304
m 0 532 2540
m 0 533 364
f 0 89
m 0 534 772
m 0 535 3832
m 0 536 4420
m 0 537 3912
m 0 538 392
m 0 539 3244
m 0 540 692
m 0 541 692
m 0 542 248
m 0 543 2568
m 0 544 1280
m 0 545 3396
m 0 546 2588
m 0 547 4048
m 0 548 260
m 0 549 1084
m 0 550 336
m 0 551 2796
m 0 552 588
m 0 553 1040
m 0 554 1420
m 0 555 3604
m 0 556 836
m 0 557 1660
m 0 558 1640
m 0 559 704
m 0 560 3604
m 0 561 2448
m 0 562 1440
f 0 300
m 0 563 3468
m 0 564 1328
m 0 565 3716
m 0 566 1452
m 0 567 2888
m 0 568 2520
m 0 569 3180
m 0 570 544
m 0 571 3908
m 0 572 4672
m 0 573 796
f 0 184
m 0 574 3896
m 0 575 100
m 0 576 2796
m 0 577 1060
m 0 578 1492
m 0 579 1644
m 0 580 3204
m 0 581 164
m 0 582 1508
m 0 583 3344
m 0 584 2312
f 0 413
f 0 44
m 0 585 512
m 0 586 1280
m 0 587 3492
m 0 588 1336
m 0 589 2848
f 0 544
m 0 590 1172
f 0 348
f 0 60
m 0 591 2988
f 0 357
m 0 592 1468
m 0 593 3488
m 0 594 360
m 0 595 4200
m 0 596 1336
m 0 597 956
m 0 598 3792
f 0 137
m 0 599 4260
m 0 600 2300
m 0 601 3548
m 0 602 1396
m 0 603 1440
m 0 604 3548
m 0 605 2224
f 0 436
m 0 606 436
m 0 607 3096
m 0 608 3664
m 0 609 600
f 0 535
m 0 610 3316
m 0 611 2348
m 0 612 1384
m 0 613 4484
m 0 614 2716
m 0 615 3728
m 0 616 1060
m 0 617 16
f 0 367
m 0 618 1976
m 0 619 2668
f 0 511
m 0 620 3616
m 0 621 708
m 0 622 4028
m 0 623 2696
m 0 624 3496
m 0 625 2224
m 0 626 3488
f 0 282
m 0 627 3240
m 0 628 3548
m 0 629 860
m 0 630 896
m 0 631 3400
f 0 158
m 0 632 4564
m 0 633 1876
m 0 634 3360
m 0 635 408
f 0 382
f 0 446
m 0 636 3096
f 0 238
m 0 637 672
f 0 331
m 0 638 4468
f 0 341
m 0 639 2900
m 0 640 3240
m 0 641 2900
m 0 642 1472
f 0 49
m 0 643 360
m 0 644 2480
m 0 645 748
m 0 646 3156
m 0 647 1904
m 0 648 2500
f 0 481
m 0 649 4868
m 0 650 4236
m 0 651 348
m 0 652 1276
m 0 653 2332
m 0 654 936
m 0 655 1160
m 0 656 1304
m 0 657 3248
m 0 658 3452
m 0 659 1596
f 0 605
m 0 660 4680
f 0 539
m 0 661 4332
m 0 662 1352
m 0 663 1716
m 0 664 412
m 0 665 2804
m 0 666 1868
m 0 667 1952
m 0 668 84
m 0 669 4816
m 0 670 4464
m 0 671 2028
f 0 237
m 0 672 2244
f 0 384
f 0 426
m 0 673 2444
m 0 674 604
m 0 675 1944
m 0 676 3748
m 0 677 3392
m 0 678 4712
m 0 679 2904
f 0 454
m 0 680 1868
m 0 681 4056
m 0 682 2064
m 0 683 752
m 0 684 2060
m 0 685 4820
m 0 686 2044
m 0 687 4280
f 0 103
f 0 295
m 0 688 2756
m 0 689 188
m 0 690 4380
m 0 691 4848
m 0 692 4004
m 0 693 1636
m 0 694 680
m 0 695 924
m 0 696 828
m 0 697 4596
f 0 433
m 0 698 3604
m 0 699 2972
f 0 90
m 0 700 2904
m 0 701 2336
f 0 400
m 0 702 4424
m 0 703 4296
m 0 704 696
f 0 628
m 0 705 3736
m 0 706 1952
m 0 707 2648
f 0 55
f 0 219
f 0 613
f 0 213
m 0 708 2704
m 0 709 4848
f 0 155
f 0 228
m 0 710 3920
f 0 73
f 0 604
m 0 711 4108
m 0 712 4604
f 0 680
m 0 713 1440
m 0 714 2440
m 0 715 1932
m 0 716 2320
m 0 717 2488
m 0 718 4284
m 0 719 4660
m 0 720 2276
m 0 721 2380
m 0 722 2532
f 0 193
m 0 723 2524
m 0 724 452
f 0 38
m 0 725 584
m 0 726 1088
f 0 671
m 0 727 2648
f 0 703
m 0 728 1500
f 0 678
m 0 729 4224
m 0 730 920
m 0 731 4028
m 0 732 1608
m 0 733 784
f 0 438
f 0 37
m 0 734 952
f 0 139
m 0 735 976
m 0 736 508
m 0 737 588
m 0 738 2748
m 0 739 1572
m 0 740 2456
m 0 741 4336
f 0 171
m 0 742 4760
m 0 743 4776
f 0 649
m 0 744 2412
f 0 573
f 0 518
m 0 745 4032
f 0 631
m 0 746 1836
m 0 747 3472
f 0 695
m 0 748 4736
m 0 749 496
m 0 750 264
m 0 751 1412
m 0 752 1340
m 0 753 1600
m 0 754 732
m 0 755 4348
m 0 756 4648
m 0 757 3292
m 0 758 2624
m 0 759 328
m 0 760 496
m 0 761 812
f 0 62
m 0 762 3536
m 0 763 2120
m 0 764 1668
m 0 765 4496
m 0 766 3696
m 0 767 856
m 0 768 268
m 0 769 2300
m 0 770 2920
m 0 771 3760
m 0 772 968
m 0 773 944
m 0 774 3048
m 0 775 2612
f 0 35
m 0 776 2584
m 0 777 3680
f 0 557
m 0 778 920
m 0 779 1128
m 0 780 4424
m 0 781 4060
m 0 782 740
m 0 783 3660
m 0 784 1620
m 0 785 2456
m 0 786 4044
m 0 787 2340
m 0 788 3240
m 0 789 1724
m 0 790 4744
f 0 132
m 0 791 352
m 0 792 3344
m 0 793 1828
f 0 493
m 0 794 4452
f 0 494
m 0 795 1116
m 0 796 884
f 0 550
m 0 797 812
m 0 798 1148
m 0 799 232
f 0 608
m 0 800 764
f 0 648
f 0 760
m 0 801 2608
f 0 541
m 0 802 1724
m 0 803 1196
m 0 804 1168
m 0 805 400
m 0 806 3352
m 0 807 556
m 0 808 2424
m 0 809 3788
f 0 738
m 0 810 392
m 0 811 4240
m 0 812 2920
m 0 813 1060
m 0 814 2524
m 0 815 4176
m 0 816 2464
f 0 368
m 0 817 1068
m 0 818 1080
m 0 819 1572
m 0 820 4456
m 0 821 1708
m 0 822 4112
m 0 823 3676
f 0 401
m 0 824 1788
m 0 825 2532
f 0 312
m 0 826 2184
m 0 827 1280
m 0 828 2956
m 0 829 2772
m 0 830 1512
m 0 831 4324
m 0 832 1736
m 0 833 2008
m 0 834 2172
m 0 835 36
f 0 185
m 0 836 1460
m 0 837 2740
m 0 838 4364
f 0 414
m 0 839 376
m 0 840 3316
f 0 290
m 0 841 148
m 0 842 4132
m 0 843 1832
m 0 844 796
m 0 845 1632
m 0 846 1032
m 0 847 4108
f 0 345
f 0 403
f 0 543
f 0 178
m 0 848 1132
f 0 208
f 0 615
m 0 849 2604
m 0 850 1532
m 0 851 3956
m 0 852 1624
m 0 853 4244
m 0 854 2612
m 0 855 2296
f 0 593
m 0 856 1804
f 0 839
m 0 857 4704
m 0 858 3364
m 0 859 3916
f 0 552
m 0 860 1048
m 0 861 2988
f 0 422
m 0 862 1560
m 0 863 3512
m 0 864 2460
f 0 286
m 0 865 2772
m 0 866 2368
m 0 867 564
m 0 868 3112
m 0 869 4464
f 0 266
m 0 870 1588
m 0 871 2296
m 0 872 224
m 0 873 4288
f 0 590
m 0 874 4736
m 0 875 788
m 0 876 3228
m 0 877 4248
m 0 878 372
m 0 879 4484
m 0 880 964
m 0 881 1832
m 0 882 36
m 0 883 4384
m 0 884 2964
m 0 885 1624
m 0 886 1400
f 0 758
m 0 887 652
m 0 888 2180
m 0 889 1588
m 0 890 3780
m 0 891 2576
m 0 892 348
f 0 640
m 0 893 1896
m 0 894 4064
f 0 76
m 0 895 2536
f 0 581
f 0 675
m 0 896 3772
m 0 897 2164
f 0 102
m 0 898 2604
f 0 449
f 0 607
f 0 602
f 0 399
m 0 899 2472
m 0 900 2312
m 0 901 3224
m 0 902 3608
m 0 903 1080
f 0 897
m 0 904 2424
m 0 905 2820
m 0 906 152
f 0 292
f 0 281
m 0 907 2776
m 0 908 2164
m 0 909 3708
m 0 910 4328
m 0 911 1520
f 0 482
f 0 681
m 0 912 1308
m 0 913 2716
f 0 887
m 0 914 2668
m 0 915 1652
m 0 916 4280
f 0 163
m 0 917 2360
m 0 918 724
f 0 611
m 0 919 1360
m 0 920 3792
m 0 921 1764
m 0 922 1032
f 0 361
f 0 868
m 0 923 3220
m 0 924 4372
m 0 925 3612
f 0 423
m 0 926 4016
m 0 927 3812
f 0 247
m 0 928 2296
m 0 929 1556
m 0 930 72
m 0 931 2540
m 0 932 2408
m 0 933 3180
m 0 934 4184
m 0 935 2344
m 0 936 3768
m 0 937 2608
f 0 502
f 0 392
m 0 938 1700
f 0 490
m 0 939 1788
f 0 125
m 0 940 256
f 0 693
f 0 195
m 0 941 512
m 0 942 4516
m 0 943 1512
m 0 944 3844
f 0 858
f 0 296
m 0 945 1808
m 0 946 912
f 0 333
m 0 947 224
m 0 948 2640
m 0 949 4596
m 0 950 3596
f 0 569
m 0 951 4664
m 0 952 656
m 0 953 328
f 0 666
m 0 954 3240
f 0 48
m 0 955 224
m 0 956 956
m 0 957 1612
f 0 812
m 0 958 2892
m 0 959 1640
m 0 960 1924
m 0 961 3236
m 0 962 3052
f 0 30
m 0 963 3160
m 0 964 4652
m 0 965 2820
m 0 966 2916
m 0 967 2408
f 0 6
m 0 968 1244
m 0 969 216
m 0 970 4016
m 0 971 2248
m 0 972 312
f 0 635
m 0 973 3796
m 0 974 320
m 0 975 644
m 0 976 2848
m 0 977 4252
m 0 978 772
m 0 979 4392
f 0 954
f 0 677
f 0 718
m 0 980 4256
m 0 981 3452
m 0 982 4848
m 0 983 3988
m 0 984 240
f 0 886
f 0 343
m 0 985 2328
f 0 865
m 0 986 3452
f 0 786
f 0 879
m 0 987 2124
m 0 988 2108
m 0 989 2844
m 0 990 1836
f 0 269
f 0 474
m 0 991 3848
f 0 325
m 0 992 2536
m 0 993 1896
m 0 994 3948
f 0 525
m 0 995 3212
f 0 781
m 0 996 4336
m 0 997 696
m 0 998 2032
m 0 999 2844
m 0 1000 4524
m 0 1001 4468
m 0 1002 708
m 0 1003 2864
f 0 256
m 0 1004 3144
m 0 1005 192
f 0 33
m 0 1006 2556
m 0 1007 872
f 0 947
m 0 1008 348
f 0 521
m 0 1009 584
m 0 1010 312
f 0 843
m 0 1011 172
f 0 620
m 0 1012 696
f 0 24
m 0 1013 4048
m 0 1014 4392
m 0 1015 4552
m 0 1016 1732
m 0 1017 516
m 0 1018 1960
f 0 211
f 0 811
m 0 1019 2760
m 0 1020 4280
m 0 1021 1376
m 0 1022 2432
m 0 1023 3476
f 0 627
m 0 1024 2824
m 0 1025 1156
m 0 1026 272
f 0 777
m 0 1027 2916
f 0 445
m 0 1028 4228
f 0 630
f 0 1012
m 0 1029 2680
m 0 1030 4124
m 0 1031 3596
f 0 514
m 0 1032 1932
f 0 837
m 0 1033 2452
m 0 1034 168
m 0 1035 4836
f 0 838
m 0 1036 3096
m 0 1037 624
m 0 1038 3444
f 0 955
m 0 1039 228
m 0 1040 2496
m 0 1041 1864
f 0 714
m 0 1042 4724
m 0 1043 1772
m 0 1044 3948
m 0 1045 3552
m 0 1046 4076
f 0 933
f 0 224
f 0 183
f 0 150
m 0 1047 1468
f 0 801
m 0 1048 3740
m 0 1049 848
m 0 1050 1340
m 0 1051 4760
f 0 903
m 0 1052 4456
m 0 1053 1556
m 0 1054 4488
m 0 1055 3968
m 0 1056 112
m 0 1057 4672
f 0 534
m 0 1058 400
f 0 609
m 0 1059 1064
f 0 409
f 0 1008
m 0 1060 2832
m 0 1061 3148
m 0 1062 4820
m 0 1063 2444
m 0 1064 2752
m 0 1065 1372
m 0 1066 4480
m 0 1067 1720
m 0 1068 2988
f 0 272
m 0 1069 4416
m 0 1070 3576
m 0 1071 3212
m 0 1072 4720
m 0 1073 1496
m 0 1074 172
m 0 1075 3232
m 0 1076 4388
m 0 1077 2444
f 0 528
m 0 1078 4572
m 0 1079 4460
f 0 533
m 0 1080 2124
m 0 1081 2200
m 0 1082 1968
m 0 1083 320
f 0 587
m 0 1084 3156
f 0 922
m 0 1085 228
m 0 1086 1588
m 0 1087 4456
m 0 1088 120
m 0 1089 1220
m 0 1090 308
f 0 1079
m 0 1091 1580
m 0 1092 932
m 0 1093 2024
f 0 702
f 0 241
m 0 1094 424
m 0 1095 3120
f 0 15
m 0 1096 588
m 0 1097 3120
f 0 873
m 0 1098 4516
m 0 1099 2004
m 0 1100 452
m 0 1101 3936
m 0 1102 296
f 0 668
m 0 1103 2148
f 0 245
m 0 1104 2288
m 0 1105 16
m 0 1106 3400
m 0 1107 2140
m 0 1108 1568
m 0 1109 4380
m 0 1110 1420
m 0 1111 1516
m 0 1112 2224
m 0 1113 984
m 0 1114 1008
m 0 1115 3612
f 0 340
m 0 1116 532
f 0 307
f 0 63
m 0 1117 4756
m 0 1118 892
f 0 478
f 0 878
m 0 1119 3580
m 0 1120 1040
m 0 1121 3296
m 0 1122 3276
f 0 972
m 0 1123 3568
f 0 896
m 0 1124 3876
m 0 1125 1416
f 0 1068
m 0 1126 216
m 0 1127 3552
f 0 170
m 0 1128 2136
f 0 919
f 0 971
f 0 563
m 0 1129 1848
m 0 1130 4428
m 0 1131 1016
m 0 1132 3432
f 0 736
f 0 636
m 0 1133 4092
m 0 1134 2712
f 0 783
m 0 1135 3448
f 0 657
f 0 857
f 0 583
m 0 1136 3668
m 0 1137 1056
m 0 1138 1792
m 0 1139 1832
m 0 1140 1884
m 0 1141 2504
m 0 1142 2976
m 0 1143 104
f 0 996
f 0 373
m 0 1144 492
f 0 1103
m 0 1145 1540
m 0 1146 1476
m 0 1147 4472
f 0 964
f 0 298
f 0 249
f 0 199
m 0 1148 3048
m 0 1149 1852
m 0 1150 1796
f 0 431
m 0 1151 4648
m 0 1152 4860
m 0 1153 3820
m 0 1154 2172
m 0 1155 3056
m 0 1156 320
f 0 689
m 0 1157 1860
f 0 846
m 0 1158 164
m 0 1159 1860
f 0 97
f 0 610
f 0 643
m 0 1160 4468
f 0 1100
m 0 1161 2000
m 0 1162 1840
m 0 1163 360
m 0 1164 1144
m 0 1165 3148
m 0 1166 456
f 0 1166
f 0 866
f 0 733
m 0 1167 984
m 0 1168 2764
f 0 1027
m 0 1169 328
m 0 1170 2604
f 0 479
f 0 936
m 0 1171 2644
m 0 1172 2128
m 0 1173 640
f 0 907
m 0 1174 2880
m 0 1175 2016
m 0 1176 2668
m 0 1177 1068
m 0 1178 1012
m 0 1179 2984
f 0 1099
m 0 1180 3188
m 0 1181 3580
m 0 1182 3332
m 0 1183 1072
f 0 679
m 0 1184 4204
m 0 1185 3792
m 0 1186 1180
f 0 107
m 0 1187 2996
m 0 1188 1804
m 0 1189 2576
m 0 1190 2880
f 0 568
m 0 1191 3564
m 0 1192 464
f 0 1174
f 0 945
f 0 1154
m 0 1193 344
m 0 1194 1436
f 0 744
m 0 1195 4212
f 0 1021
m 0 1196 3420
m 0 1197 2432
m 0 1198 2704
f 0 1095
m 0 1199 940
m 0 1200 3084
m 0 1201 2164
m 0 1202 884
m 0 1203 3872
f 0 740
m 0 1204 260
f 0 966
f 0 755
m 0 1205 2432
m 0 1206 4552
m 0 1207 3308
m 0 1208 4664
f 0 586
m 0 1209 832
m 0 1210 2432
f 0 351
f 0 1133
m 0 1211 4580
m 0 1212 4456
m 0 1213 1716
m 0 1214 1668
m 0 1215 8
m 0 1216 1812
m 0 1217 3960
m 0 1218 3988
m 0 1219 3228
m 0 1220 4568
f 0 813
m 0 1221 1908
f 0 1124
f 0 852
m 0 1222 1464
m 0 1223 1076
m 0 1224 132
m 0 1225 3520
m 0 1226 1420
m 0 1227 3272
m 0 1228 4768
f 0 480
f 0 995
m 0 1229 2380
f 0 1118
m 0 1230 84
m 0 1231 2720
f 0 1072
m 0 1232 1004
f 0 418
f 0 890
m 0 1233 4840
f 0 883
m 0 1234 2660
f 0 930
m 0 1235 3824
m 0 1236 1448
m 0 1237 1668
f 0 18
f 0 201
f 0 320
m 0 1238 3984
f 0 1178
f 0 795
m 0 1239 3024
m 0 1240 2304
f 0 686
f 0 853
m 0 1241 3492
m 0 1242 940
m 0 1243 256
m 0 1244 1948
f 0 109
f 0 82
f 0 477
f 0 1055
f 0 444
m 0 1245 1112
m 0 1246 3536
f 0 746
m 0 1247 4524
m 0 1248 4424
m 0 1249 3388
m 0 1250 2036
m 0 1251 2332
m 0 1252 956
m 0 1253 1428
m 0 1254 4804
m 0 1255 2680
m 0 1256 2752
m 0 1257 1176
m 0 1258 2800
f 0 1240
f 0 1137
m 0 1259 408
m 0 1260 3716
m 0 1261 2556
m 0 1262 2612
m 0 1263 3156
m 0 1264 3284
f 0 638
m 0 1265 1140
f 0 870
m 0 1266 3532
m 0 1267 3592
m 0 1268 1676
m 0 1269 2000
m 0 1270 4292
f 0 417
f 0 578
f 0 52
m 0 1271 2864
m 0 1272 3924
m 0 1273 2676
f 0 32
f 0 688
f 0 561
f 0 633
m 0 1274 1400
m 0 1275 3948
m 0 1276 4140
f 0 1122
m 0 1277 1336
m 0 1278 3320
f 0 985
m 0 1279 2484
m 0 1280 1788
m 0 1281 4544
m 0 1282 208
f 0 749
f 0 938
f 0 524
m 0 1283 3672
f 0 665
f 0 289
f 0 854
m 0 1284 2204
m 0 1285 48
f 0 884
m 0 1286 216
m 0 1287 68
f 0 349
m 0 1288 4612
m 0 1289 3732
f 0 940
m 0 1290 3524
m 0 1291 1520
m 0 1292 2744
m 0 1293 3768
m 0 1294 4556
m 0 1295 2752
m 0 1296 2592
f 0 121
f 0 924
m 0 1297 8
m 0 1298 1924
f 0 761
m 0 1299 2412
m 0 1300 140
m 0 1301 3336
m 0 1302 2580
f 0 1262
m 0 1303 800
m 0 1304 3476
m 0 1305 1040
m 0 1306 2856
m 0 1307 416
f 0 1297
m 0 1308 124
f 0 47
f 0 180
m 0 1309 4300
m 0 1310 2568
f 0 243
f 0 1289
m 0 1311 3944
m 0 1312 2876
m 0 1313 1168
f 0 1047
m 0 1314 1976
f 0 1010
m 0 1315 1064
m 0 1316 2688
f 0 1050
f 0 379
f 0 950
m 0 1317 2316
m 0 1318 2544
m 0 1319 840
m 0 1320 1800
m 0 1321 4812
m 0 1322 724
f 0 328
f 0 562
m 0 1323 2488
m 0 1324 2068
f 0 1308
m 0 1325 4644
f 0 895
m 0 1326 3108
m 0 1327 1568
m 0 1328 188
f 0 618
f 0 560
f 0 1003
m 0 1329 1284
f 0 747
m 0 1330 128
m 0 1331 3960
f 0 762
m 0 1332 4836
f 0 625
f 0 963
f 0 64
m 0 1333 164
m 0 1334 4196
m 0 1335 2648
f 0 519
m 0 1336 4108
f 0 175
f 0 358
m 0 1337 1660
m 0 1338 3492
m 0 1339 4608
f 0 1164
f 0 157
m 0 1340 1628
f 0 1082
m 0 1341 4272
f 0 1196
m 0 1342 3264
m 0 1343 3404
f 0 999
m 0 1344 1080
f 0 134
f 0 391
f 0 986
m 0 1345 1956
f 0 152
m 0 1346 136
m 0 1347 2388
f 0 462
f 0 863
f 0 988
f 0 1069
f 0 1292
f 0 104
f 0 154
m 0 1348 1320
m 0 1349 2008
m 0 1350 3856
m 0 1351 2048
m 0 1352 3068
m 0 1353 3916
m 0 1354 152
m 0 1355 3812
m 0 1356 4056
f 0 115
m 0 1357 544
f 0 827
m 0 1358 484
m 0 1359 884
m 0 1360 3060
m 0 1361 3964
f 0 726
m 0 1362 284
m 0 1363 2288
m 0 1364 3916
f 0 756
m 0 1365 4220
m 0 1366 1352
f 0 1141
m 0 1367 4712
m 0 1368 988
m 0 1369 1952
m 0 1370 1240
m 0 1371 2920
m 0 1372 1340
f 0 914
f 0 1168
f 0 1199
m 0 1373 2060
m 0 1374 1424
m 0 1375 920
m 0 1376 1484
f 0 485
f 0 849
m 0 1377 1676
m 0 1378 1016
f 0 1338
m 0 1379 1180
m 0 1380 788
m 0 1381 4264
f 0 499
m 0 1382 1368
m 0 1383 3596
f 0 869
f 0 1370
m 0 1384 3188
m 0 1385 292
m 0 1386 1096
m 0 1387 3028
m 0 1388 2904
f 0 570
m 0 1389 4384
f 0 1191
m 0 1390 4368
f 0 330
m 0 1391 404
f 0 223
m 0 1392 3684
m 0 1393 1516
m 0 1394 1812
m 0 1395 4440
m 0 1396 4044
f 0 1378
m 0 1397 2148
m 0 1398 3104
m 0 1399 3772
m 0 1400 312
m 0 1401 4220
m 0 1402 3676
f 0 1142
f 0 707
m 0 1403 2592
f 0 575
f 0 1083
m 0 1404 2420
m 0 1405 2752
m 0 1406 3480
m 0 1407 2980
m 0 1408 3544
m 0 1409 948
m 0 1410 872
f 0 572
f 0 194
f 0 402
m 0 1411 4524
m 0 1412 1352
m 0 1413 3320
m 0 1414 3848
m 0 1415 1636
f 0 958
f 0 232
f 0 850
f 0 555
m 0 1416 1548
m 0 1417 3488
m 0 1418 3768
m 0 1419 1516
m 0 1420 4056
f 0 1343
f 0 841
m 0 1421 2388
m 0 1422 436
f 0 676
m 0 1423 36
f 0 172
m 0 1424 3296
f 0 1037
f 0 951
m 0 1425 1128
m 0 1426 4076
m 0 1427 1196
m 0 1428 2368
m 0 1429 1564
f 0 1214
f 0 723
m 0 1430 4784
f 0 14
m 0 1431 4196
m 0 1432 3024
f 0 1060
m 0 1433 1752
f 0 1186
m 0 1434 4300
f 0 1024
f 0 994
m 0 1435 4192
m 0 1436 3408
m 0 1437 1056
m 0 1438 4280
f 0 470
m 0 1439 3456
f 0 1264
m 0 1440 2740
m 0 1441 2460
m 0 1442 4440
m 0 1443 2568
f 0 1400
m 0 1444 3476
f 0 1293
f 0 764
m 0 1445 1816
f 0 165
f 0 614
m 0 1446 4816
m 0 1447 4744
f 0 306
f 0 1438
f 0 1204
m 0 1448 3084
f 0 1034
f 0 1074
f 0 1416
m 0 1449 2848
f 0 848
m 0 1450 2156
m 0 1451 2564
m 0 1452 1744
m 0 1453 4868
m 0 1454 1208
f 0 1342
m 0 1455 2020
m 0 1456 1652
m 0 1457 256
m 0 1458 1836
f 0 1274
f 0 942
f 0 120
m 0 1459 1136
f 0 1090
m 0 1460 1264
m 0 1461 4256
m 0 1462 1600
f 0 1315
f 0 1366
m 0 1463 2644
m 0 1464 1872
f 0 220
f 0 682
m 0 1465 248
f 0 921
m 0 1466 2176
m 0 1467 3476
m 0 1468 3808
m 0 1469 3236
m 0 1470 2172
m 0 1471 4584
f 0 716
f 0 492
m 0 1472 3104
m 0 1473 3048
m 0 1474 3352
m 0 1475 2796
m 0 1476 4664
f 0 410
f 0 317
m 0 1477 2448
m 0 1478 3248
f 0 970
f 0 1211
f 0 1371
f 0 875
m 0 1479 3488
m 0 1480 4832
f 0 275
m 0 1481 316
f 0 416
f 0 1448
m 0 1482 3124
f 0 660
f 0 404
f 0 255
m 0 1483 1012
m 0 1484 980
f 0 855
m 0 1485 1588
f 0 931
f 0 304
m 0 1486 2204
m 0 1487 2044
f 0 1101
m 0 1488 2496
m 0 1489 356
f 0 859
f 0 741
f 0 315
m 0 1490 1476
m 0 1491 1624
m 0 1492 1692
m 0 1493 624
f 0 93
f 0 164
m 0 1494 1268
f 0 1112
m 0 1495 4244
m 0 1496 3148
f 0 584
f 0 987
f 0 840
m 0 1497 980
f 0 234
m 0 1498 1412
f 0 471
m 0 1499 4316
m 0 1500 3860
m 0 1501 2372
m 0 1502 1312
m 0 1503 2268
f 0 1245
m 0 1504 1944
m 0 1505 2296
f 0 1088
m 0 1506 4604
f 0 1341
m 0 1507 1344
m 0 1508 1768
f 0 56
m 0 1509 796
m 0 1510 400
m 0 1511 1644
f 0 1444
m 0 1512 2784
f 0 730
f 0 1284
f 0 124
m 0 1513 2776
m 0 1514 4156
m 0 1515 1060
f 0 652
f 0 1172
m 0 1516 412
f 0 1515
m 0 1517 3412
m 0 1518 2736
m 0 1519 840
m 0 1520 924
f 0 174
f 0 1294
m 0 1521 500
m 0 1522 648
m 0 1523 676
m 0 1524 2332
f 0 969
f 0 1512
f 0 653
f 0 1057
m 0 1525 1900
f 0 1412
m 0 1526 1340
f 0 1357
f 0 350
f 0 1385
m 0 1527 1968
f 0 1039
m 0 1528 4672
m 0 1529 3304
m 0 1530 64
m 0 1531 1964
f 0 327
f 0 1177
f 0 135
m 0 1532 3640
m 0 1533 2112
m 0 1534 3628
m 0 1535 2328
m 0 1536 3124
m 0 1537 2320
m 0 1538 520
m 0 1539 4556
m 0 1540 3396
m 0 1541 3492
f 0 169
m 0 1542 4212
m 0 1543 1088
m 0 1544 412
f 0 861
f 0 905
f 0 735
m 0 1545 1356
m 0 1546 600
m 0 1547 3016
f 0 53
f 0 1532
f 0 1011
m 0 1548 4472
m 0 1549 2240
f 0 1489
f 0 961
m 0 1550 2508
m 0 1551 3556
f 0 975
f 0 647
m 0 1552 4276
f 0 22
f 0 537
m 0 1553 2952
f 0 244
m 0 1554 3828
f 0 943
m 0 1555 1224
m 0 1556 3952
f 0 1210
m 0 1557 4532
f 0 1545
f 0 1290
f 0 1236
m 0 1558 2060
f 0 1473
m 0 1559 132
f 0 1312
f 0 1463
f 0 29
m 0 1560 4000
m 0 1561 160
m 0 1562 4364
m 0 1563 3108
m 0 1564 1500
m 0 1565 3464
m 0 1566 4024
f 0 1075
f 0 389
m 0 1567 4584
f 0 834
m 0 1568 3796
m 0 1569 1716
f 0 398
m 0 1570 3444
m 0 1571 4464
f 0 1331
f 0 1078
m 0 1572 2128
f 0 624
m 0 1573 780
m 0 1574 1708
f 0 538
m 0 1575 4240
m 0 1576 1308
f 0 1205
m 0 1577 2084
m 0 1578 4160
m 0 1579 308
m 0 1580 1408
f 0 617
m 0 1581 1336
m 0 1582 700
m 0 1583 308
m 0 1584 4732
m 0 1585 3172
m 0 1586 2048
m 0 1587 2156
f 0 1511
f 0 1379
m 0 1588 3588
m 0 1589 4392
f 0 1458
m 0 1590 4104
m 0 1591 2372
f 0 1234
f 0 1415
m 0 1592 2572
m 0 1593 1664
f 0 1237
m 0 1594 3216
f 0 443
f 0 200
m 0 1595 1576
f 0 1224
m 0 1596 3216
f 0 724
f 0 457
m 0 1597 2980
f 0 1524
m 0 1598 700
m 0 1599 68
f 0 463
f 0 711
f 0 1229
f 0 661
f 0 359
f 0 427
f 0 261
f 0 877
m 0 1600 2036
m 0 1601 3796
f 0 1584
m 0 1602 2468
m 0 1603 1536
f 0 405
m 0 1604 2596
m 0 1605 376
m 0 1606 3936
m 0 1607 3592
f 0 335
f 0 595
m 0 1608 1048
f 0 932
m 0 1609 620
m 0 1610 4844
f 0 1155
f 0 1184
m 0 1611 3896
m 0 1612 3380
m 0 1613 4556
m 0 1614 2740
m 0 1615 4672
m 0 1616 484
f 0 1507
m 0 1617 1248
f 0 913
m 0 1618 1420
m 0 1619 4308
m 0 1620 2824
m 0 1621 868
f 0 39
f 0 254
m 0 1622 2172
f 0 802
m 0 1623 1036
m 0 1624 1780
m 0 1625 4348
m 0 1626 444
f 0 935
m 0 1627 828
m 0 1628 192
f 0 143
f 0 1326
m 0 1629 1592
m 0 1630 4648
m 0 1631 4268
f 0 202
m 0 1632 72
f 0 1007
f 0 1450
f 0 1548
m 0 1633 4620
f 0 909
m 0 1634 4676
m 0 1635 4620
m 0 1636 744
m 0 1637 632
m 0 1638 724
f 0 1601
m 0 1639 2076
f 0 1035
f 0 567
m 0 1640 4224
f 0 803
m 0 1641 4724
f 0 1201
f 0 313
f 0 374
f 0 1314
f 0 1193
m 0 1642 3264
f 0 486
m 0 1643 2656
f 0 1157
m 0 1644 24
m 0 1645 1012
f 0 1218
m 0 1646 1680
f 0 276
f 0 9
f 0 1259
m 0 1647 1428
f 0 264
f 0 72
m 0 1648 4112
m 0 1649 4864
m 0 1650 1896
m 0 1651 1036
m 0 1652 316
f 0 1286
m 0 1653 1788
f 0 1401
m 0 1654 248
f 0 1094
f 0 1620
m 0 1655 380
m 0 1656 1588
f 0 872
m 0 1657 4868
m 0 1658 4008
f 0 1498
m 0 1659 3176
f 0 960
m 0 1660 4572
m 0 1661 1964
f 0 1636
m 0 1662 1156
f 0 591
m 0 1663 4004
m 0 1664 1712
m 0 1665 1472
m 0 1666 4320
m 0 1667 3940
m 0 1668 588
m 0 1669 28
m 0 1670 3704
f 0 1151
f 0 94
m 0 1671 3264
m 0 1672 3892
f 0 1065
m 0 1673 3964
f 0 743
m 0 1674 776
m 0 1675 2920
f 0 1369
f 0 908
m 0 1676 1080
f 0 1160
f 0 1131
m 0 1677 316
m 0 1678 4156
f 0 1031
f 0 976
f 0 722
f 0 1586
f 0 556
m 0 1679 4140
f 0 1519
m 0 1680 1232
f 0 45
m 0 1681 392
m 0 1682 3528
m 0 1683 1740
m 0 1684 708
m 0 1685 4212
m 0 1686 52
m 0 1687 4148
m 0 1688 4856
m 0 1689 1424
m 0 1690 476
m 0 1691 4740
f 0 133
m 0 1692 4024
m 0 1693 4408
m 0 1694 1912
m 0 1695 4652
f 0 1409
m 0 1696 4372
f 0 856
m 0 1697 3320
f 0 1618
m 0 1698 752
m 0 1699 3152
m 0 1700 2940
m 0 1701 708
m 0 1702 2080
m 0 1703 908
m 0 1704 4540
f 0 277
m 0 1705 2328
m 0 1706 488
m 0 1707 188
f 0 1555
m 0 1708 2640
m 0 1709 1140
m 0 1710 2956
f 0 1200
m 0 1711 168
f 0 1707
m 0 1712 3928
f 0 88
f 0 1598
m 0 1713 3488
f 0 1709
f 0 1398
m 0 1714 3800
m 0 1715 3968
m 0 1716 4872
m 0 1717 348
f 0 212
m 0 1718 1664
f 0 1599
m 0 1719 1056
m 0 1720 2228
f 0 1319
f 0 1619
m 0 1721 1200
f 0 952
m 0 1722 4480
f 0 704
m 0 1723 1528
m 0 1724 732
m 0 1725 3320
m 0 1726 260
f 0 1049
f 0 1382
f 0 915
m 0 1727 2584
m 0 1728 3588
f 0 845
m 0 1729 3784
m 0 1730 3816
m 0 1731 3084
f 0 1043
m 0 1732 4024
m 0 1733 2752
m 0 1734 988
f 0 26
m 0 1735 2708
f 0 168
f 0 1722
m 0 1736 1360
f 0 1472
f 0 1136
m 0 1737 1496
f 0 1232
m 0 1738 4208
m 0 1739 4220
f 0 77
m 0 1740 3244
m 0 1741 4168
f 0 81
m 0 1742 2896
m 0 1743 468
m 0 1744 1560
m 0 1745 4816
f 0 784
m 0 1746 3552
m 0 1747 3688
f 0 149
f 0 1425
f 0 825
f 0 74
m 0 1748 2284
f 0 1267
m 0 1749 4580
f 0 355
f 0 1192
m 0 1750 632
m 0 1751 1472
m 0 1752 4452
f 0 388
m 0 1753 540
m 0 1754 4152
f 0 386
m 0 1755 216
m 0 1756 3896
m 0 1757 236
m 0 1758 1596
m 0 1759 3508
m 0 1760 864
m 0 1761 2960
f 0 112
m 0 1762 2168
f 0 830
m 0 1763 3388
m 0 1764 2424
m 0 1765 1728
f 0 974
m 0 1766 20
m 0 1767 476
f 0 549
f 0 1665
m 0 1768 4756
f 0 1638
f 0 356
f 0 684
m 0 1769 144
f 0 1296
f 0 1291
f 0 1044
f 0 594
f 0 57
m 0 1770 2372
f 0 191
f 0 1762
m 0 1771 4384
f 0 1256
f 0 1627
m 0 1772 832
f 0 1230
f 0 12
m 0 1773 1456
m 0 1774 3048
f 0 1106
m 0 1775 1812
m 0 1776 504
m 0 1777 4144
m 0 1778 984
m 0 1779 3780
f 0 1558
f 0 548
m 0 1780 1580
m 0 1781 2676
f 0 192
m 0 1782 1080
m 0 1783 220
f 0 509
f 0 248
f 0 1481
f 0 774
m 0 1784 900
f 0 766
m 0 1785 4596
f 0 215
m 0 1786 4200
m 0 1787 3428
m 0 1788 552
f 0 1625
m 0 1789 2732
m 0 1790 3532
f 0 1216
m 0 1791 3100
m 0 1792 988
m 0 1793 276
f 0 258
m 0 1794 2220
f 0 1449
f 0 1153
f 0 1252
f 0 1206
f 0 692
m 0 1795 2752
f 0 1302
f 0 577
m 0 1796 664
f 0 1661
f 0 1561
f 0 377
f 0 1651
m 0 1797 844
f 0 118
f 0 500
f 0 265
m 0 1798 2088
m 0 1799 2944
m 0 1800 3480
m 0 1801 3160
m 0 1802 1860
f 0 1658
m 0 1803 1160
f 0 1786
f 0 1563
m 0 1804 1276
f 0 1787
m 0 1805 2788
f 0 1241
m 0 1806 1600
f 0 1393
f 0 1654
m 0 1807 3472
f 0 1510
f 0 1246
f 0 1042
f 0 1125
f 0 1479
f 0 1684
m 0 1808 968
f 0 1735
m 0 1809 220
m 0 1810 1700
m 0 1811 2316
m 0 1812 1412
f 0 585
f 0 871
f 0 1588
f 0 1468
f 0 1173
m 0 1813 1300
m 0 1814 1336
f 0 1611
m 0 1815 3496
f 0 0
f 0 1036
f 0 1461
m 0 1816 4152
f 0 271
m 0 1817 2436
f 0 1798
m 0 1818 3136
m 0 1819 4580
m 0 1820 2688
f 0 1219
m 0 1821 1856
m 0 1822 4768
f 0 650
f 0 1813
m 0 1823 4648
m 0 1824 784
f 0 242
f 0 780
m 0 1825 2484
m 0 1826 3580
f 0 1220
m 0 1827 416
m 0 1828 3616
m 0 1829 4576
m 0 1830 4656
m 0 1831 1932
m 0 1832 4248
f 0 1605
m 0 1833 604
m 0 1834 1468
f 0 1183
m 0 1835 2632
m 0 1836 216
m 0 1837 1616
f 0 1756
f 0 997
f 0 1648
m 0 1838 1784
m 0 1839 2632
f 0 1058
f 0 993
f 0 1669
f 0 233
f 0 1612
m 0 1840 3172
m 0 1841 1384
f 0 1207
f 0 1547
m 0 1842 4228
m 0 1843 484
f 0 1748
m 0 1844 3376
f 0 1422
m 0 1845 1840
f 0 70
m 0 1846 1936
m 0 1847 4624
m 0 1848 3692
m 0 1849 2984
m 0 1850 984
f 0 831
m 0 1851 912
m 0 1852 2284
m 0 1853 2012
f 0 1732
f 0 106
m 0 1854 2544
f 0 51
m 0 1855 3168
f 0 1491
m 0 1856 4132
m 0 1857 2136
m 0 1858 4424
f 0 1589
m 0 1859 4288
f 0 1559
f 0 10
m 0 1860 4100
m 0 1861 4152
m 0 1862 644
m 0 1863 608
f 0 1771
f 0 982
m 0 1864 3404
m 0 1865 3768
f 0 1149
m 0 1866 3692
f 0 1263
m 0 1867 1984
m 0 1868 360
f 0 1501
m 0 1869 2504
m 0 1870 1080
f 0 288
f 0 1806
m 0 1871 2484
f 0 1255
f 0 1465
f 0 1866
f 0 1717
m 0 1872 2384
m 0 1873 3500
m 0 1874 3384
f 0 893
m 0 1875 4552
m 0 1876 4756
m 0 1877 592
m 0 1878 252
f 0 1441
m 0 1879 3812
f 0 58
m 0 1880 1888
f 0 1225
m 0 1881 1860
f 0 1431
f 0 369
m 0 1882 4640
f 0 1347
f 0 380
m 0 1883 1880
m 0 1884 4100
m 0 1885 2068
m 0 1886 436
f 0 305
m 0 1887 1708
m 0 1888 64
f 0 1685
f 0 204
m 0 1889 1616
f 0 1014
f 0 1158
m 0 1890 3044
m 0 1891 3048
m 0 1892 2764
m 0 1893 4588
f 0 1832
f 0 603
f 0 310
m 0 1894 3048
f 0 727
f 0 1795
m 0 1895 1064
f 0 1671
f 0 1660
f 0 1085
f 0 84
m 0 1896 40
m 0 1897 2664
f 0 1693
m 0 1898 1588
f 0 468
m 0 1899 2120
f 0 1120
m 0 1900 672
m 0 1901 4548
m 0 1902 3276
f 0 1175
m 0 1903 1468
m 0 1904 408
m 0 1905 672
f 0 697
f 0 880
m 0 1906 2860
f 0 188
m 0 1907 4152
f 0 729
f 0 13
f 0 210
m 0 1908 68
f 0 1189
f 0 1426
f 0 601
f 0 898
f 0 1109
m 0 1909 3496
f 0 776
f 0 644
f 0 1810
f 0 1531
m 0 1910 2796
f 0 496
m 0 1911 4544
f 0 1188
m 0 1912 2220
m 0 1913 3852
f 0 1281
m 0 1914 2184
m 0 1915 1440
m 0 1916 120
f 0 836
m 0 1917 3108
f 0 818
f 0 1829
f 0 523
m 0 1918 4380
m 0 1919 280
f 0 1746
m 0 1920 420
m 0 1921 4720
f 0 459
f 0 1052
f 0 1899
m 0 1922 4400
m 0 1923 4596
f 0 1310
m 0 1924 2672
m 0 1925 4788
m 0 1926 1564
f 0 646
m 0 1927 1928
m 0 1928 3860
f 0 663
f 0 1556
m 0 1929 2776
m 0 1930 3100
m 0 1931 1196
f 0 1783
m 0 1932 2564
m 0 1933 3076
m 0 1934 4016
m 0 1935 4448
m 0 1936 3936
f 0 1737
f 0 1016
m 0 1937 80
m 0 1938 3592
m 0 1939 3800
f 0 376
f 0 554
m 0 1940 3580
f 0 799
m 0 1941 1472
m 0 1942 2664
m 0 1943 1736
m 0 1944 1644
m 0 1945 4280
f 0 1086
f 0 1307
f 0 1937
f 0 1873
f 0 1922
m 0 1946 4792
m 0 1947 2728
f 0 1804
f 0 1694
f 0 670
m 0 1948 240
m 0 1949 1836
f 0 100
m 0 1950 3440
f 0 860
f 0 1423
m 0 1951 1736
f 0 1655
m 0 1952 4268
m 0 1953 1388
m 0 1954 4460
f 0 1502
m 0 1955 3924
f 0 918
m 0 1956 1536
m 0 1957 4684
m 0 1958 2228
f 0 240
m 0 1959 1788
f 0 20
f 0 1755
m 0 1960 1132
m 0 1961 548
m 0 1962 3580
m 0 1963 1084
f 0 1686
f 0 1108
f 0 800
f 0 1724
f 0 788
f 0 901
f 0 1504
m 0 1964 572
f 0 1381
m 0 1965 2876
m 0 1966 4540
m 0 1967 3176
f 0 1197
f 0 771
m 0 1968 4688
m 0 1969 3724
m 0 1970 628
m 0 1971 4344
m 0 1972 3296
m 0 1973 3996
f 0 1128
f 0 1595
f 0 1792
m 0 1974 4780
f 0 1061
f 0 1889
f 0 559
m 0 1975 3348
f 0 1466
f 0 1637
f 0 80
f 0 1567
m 0 1976 4460
f 0 1733
f 0 1952
m 0 1977 4408
m 0 1978 968
m 0 1979 536
f 0 612
f 0 1764
m 0 1980 4180
f 0 832
f 0 1892
f 0 1522
m 0 1981 1052
m 0 1982 2184
f 0 1485
m 0 1983 2792
m 0 1984 412
f 0 990
m 0 1985 1168
f 0 1848
f 0 553
m 0 1986 316
m 0 1987 1540
m 0 1988 492
m 0 1989 4552
m 0 1990 2160
f 0 1248
f 0 1606
f 0 1111
f 0 1926
m 0 1991 2260
f 0 916
f 0 1374
m 0 1992 3640
m 0 1993 2156
m 0 1994 2032
f 0 1683
f 0 911
m 0 1995 2960
m 0 1996 2828
f 0 1332
f 0 424
m 0 1997 44
f 0 1541
f 0 1275
m 0 1998 1468
m 0 1999 4080
f 0 946
m 0 2000 2344
m 0 2001 4520
f 0 820
f 0 1978
m 0 2002 4480
f 0 1017
f 0 1594
f 0 1518
f 0 1282
m 0 2003 1000
f 0 1005
m 0 2004 4652
m 0 2005 3464
m 0 2006 3544
m 0 2007 1752
f 0 1827
m 0 2008 4824
m 0 2009 948
f 0 978
f 0 425
m 0 2010 896
m 0 2011 4496
f 0 1084
m 0 2012 2068
f 0 1692
f 0 864
m 0 2013 1292
m 0 2014 1228
m 0 2015 3340
m 0 2016 3264
m 0 2017 2448
m 0 2018 2824
m 0 2019 352
f 0 179
f 0 1358
f 0 1801
f 0 592
m 0 2020 2476
f 0 1981
m 0 2021 2924
m 0 2022 816
f 0 1962
m 0 2023 4688
m 0 2024 2432
m 0 2025 2964
f 0 1857
f 0 1258
m 0 2026 1336
f 0 1334
m 0 2027 1612
m 0 2028 1316
f 0 508
f 0 397
f 0 664
f 0 1690
m 0 2029 4484
m 0 2030 1292
f 0 1265
f 0 1982
m 0 2031 164
f 0 1146
f 0 1351
f 0 1763
f 0 1826
f 0 558
m 0 2032 420
f 0 1730
m 0 2033 108
m 0 2034 84
f 0 95
m 0 2035 568
f 0 1471
f 0 1849
f 0 1590
f 0 442
f 0 54
m 0 2036 1000
m 0 2037 1984
f 0 1634
f 0 464
f 0 318
f 0 1530
f 0 1776
f 0 1898
f 0 1835
m 0 2038 4844
f 0 1753
m 0 2039 104
f 0 1391
m 0 2040 1008
f 0 1858
m 0 2041 2984
f 0 316
m 0 2042 4440
m 0 2043 3680
m 0 2044 3600
f 0 1911
f 0 489
m 0 2045 1548
f 0 1820
m 0 2046 4844
m 0 2047 272
m 0 2048 3768
f 0 1097
m 0 2049 2624
m 0 2050 3324
f 0 1212
f 0 2042
f 0 1670
m 0 2051 4732
m 0 2052 1932
f 0 1497
f 0 1580
m 0 2053 1732
f 0 1802
m 0 2054 4064
m 0 2055 3288
m 0 2056 1516
f 0 1059
m 0 2057 1764
m 0 2058 1196
m 0 2059 528
m 0 2060 4072
f 0 1437
m 0 2061 3548
m 0 2062 816
f 0 551
f 0 1621
f 0 1579
m 0 2063 732
m 0 2064 44
m 0 2065 524
f 0 326
f 0 520
f 0 1121
f 0 1202
f 0 912
m 0 2066 972
f 0 598
m 0 2067 3112
f 0 43
m 0 2068 2560
f 0 1182
m 0 2069 2984
m 0 2070 4572
f 0 923
f 0 1427
f 0 390
m 0 2071 1188
m 0 2072 2200
f 0 579
m 0 2073 272
f 0 1604
f 0 1869
m 0 2074 4368
f 0 1520
f 0 1250
f 0 1198
m 0 2075 252
f 0 1081
m 0 2076 1484
f 0 1973
m 0 2077 4324
f 0 2070
m 0 2078 2992
m 0 2079 572
m 0 2080 4236
m 0 2081 3228
m 0 2082 2592
f 0 1837
f 0 110
m 0 2083 1324
m 0 2084 1996
m 0 2085 4352
m 0 2086 4256
m 0 2087 1524
f 0 814
f 0 1943
f 0 1997
m 0 2088 888
f 0 510
m 0 2089 3088
f 0 798
f 0 787
f 0 700
f 0 1359
m 0 2090 1436
m 0 2091 2772
f 0 1630
m 0 2092 2584
f 0 1335
m 0 2093 4280
f 0 881
f 0 1706
f 0 2036
f 0 68
m 0 2094 1848
f 0 1454
m 0 2095 2672
f 0 2078
f 0 728
f 0 1811
m 0 2096 1236
m 0 2097 3292
f 0 1440
f 0 789
f 0 283
f 0 753
m 0 2098 3532
f 0 1623
f 0 639
m 0 2099 3236
f 0 297
m 0 2100 576
f 0 1019
f 0 2063
f 0 262
f 0 207
f 0 596
f 0 1306
m 0 2101 3420
f 0 387
f 0 487
m 0 2102 116
m 0 2103 4196
m 0 2104 3108
m 0 2105 3740
m 0 2106 2668
m 0 2107 4344
m 0 2108 280
m 0 2109 592
m 0 2110 2232
f 0 2090
m 0 2111 4656
m 0 2112 1468
f 0 752
f 0 2023
f 0 196
f 0 829
m 0 2113 224
m 0 2114 4836
m 0 2115 3532
m 0 2116 168
f 0 483
f 0 2057
m 0 2117 432
m 0 2118 4620
m 0 2119 60
f 0 709
m 0 2120 2672
m 0 2121 4640
m 0 2122 3684
m 0 2123 212
f 0 1161
f 0 1344
m 0 2124 2880
f 0 96
m 0 2125 504
m 0 2126 4268
m 0 2127 4664
m 0 2128 2740
f 0 1631
f 0 372
m 0 2129 200
m 0 2130 1124
f 0 1663
f 0 1917
f 0 1570
m 0 2131 636
f 0 1550
m 0 2132 4096
m 0 2133 3336
f 0 1774
f 0 1635
f 0 2125
f 0 1117
m 0 2134 2928
m 0 2135 2424
f 0 2105
m 0 2136 1324
f 0 1413
f 0 1364
f 0 2035
f 0 92
f 0 434
f 0 458
m 0 2137 832
f 0 1503
f 0 346
m 0 2138 232
f 0 1955
f 0 782
f 0 1529
f 0 260
m 0 2139 4856
m 0 2140 4624
m 0 2141 1512
m 0 2142 1816
f 0 1980
m 0 2143 3604
f 0 1421
f 0 501
m 0 2144 1608
f 0 1752
f 0 173
f 0 1303
f 0 1616
m 0 2145 3228
m 0 2146 2552
f 0 1053
f 0 983
f 0 1602
f 0 1944
m 0 2147 3168
f 0 1865
m 0 2148 4540
f 0 2018
m 0 2149 2524
m 0 2150 3620
f 0 274
f 0 1645
m 0 2151 3760
f 0 833
f 0 634
m 0 2152 248
f 0 1493
f 0 1318
m 0 2153 1132
m 0 2154 2840
f 0 1235
f 0 1190
f 0 655
f 0 2128
f 0 1596
m 0 2155 4472
f 0 1990
f 0 1916
m 0 2156 2032
f 0 505
f 0 1436
f 0 1983
f 0 1582
m 0 2157 184
f 0 1734
m 0 2158 4284
f 0 1614
f 0 1912
f 0 1001
f 0 406
f 0 1726
f 0 1169
f 0 337
f 0 1597
m 0 2159 3164
f 0 140
f 0 1459
f 0 992
f 0 2047
f 0 1874
m 0 2160 4320
f 0 1988
f 0 1452
m 0 2161 3568
f 0 293
f 0 451
f 0 1209
f 0 1537
m 0 2162 968
m 0 2163 428
m 0 2164 524
m 0 2165 876
f 0 1593
m 0 2166 3548
f 0 2039
f 0 2138
f 0 1657
f 0 1932
m 0 2167 4808
m 0 2168 200
f 0 1970
f 0 1607
f 0 263
f 0 1896
m 0 2169 4416
m 0 2170 3592
f 0 1680
m 0 2171 2644
f 0 2132
f 0 2130
m 0 2172 3308
f 0 1508
f 0 2109
m 0 2173 1540
f 0 1872
m 0 2174 2320
f 0 2075
m 0 2175 1624
m 0 2176 3352
m 0 2177 3480
f 0 439
m 0 2178 3816
f 0 513
m 0 2179 3724
m 0 2180 3392
m 0 2181 3340
m 0 2182 1772
f 0 1539
m 0 2183 2752
m 0 2184 4368
f 0 2135
m 0 2185 3348
f 0 1581
f 0 1360
m 0 2186 3852
f 0 1551
f 0 2045
f 0 775
f 0 1221
f 0 1270
f 0 2182
f 0 1320
f 0 1925
m 0 2187 1884
f 0 576
m 0 2188 2820
f 0 1513
f 0 450
f 0 1793
f 0 299
f 0 1721
f 0 1544
f 0 2124
m 0 2189 1680
f 0 1862
f 0 1330
f 0 1317
m 0 2190 1276
f 0 1233
f 0 473
m 0 2191 4768
f 0 2114
f 0 1337
f 0 1600
f 0 1994
f 0 1180
m 0 2192 1740
f 0 1195
f 0 432
m 0 2193 2652
m 0 2194 4000
m 0 2195 3120
m 0 2196 2044
m 0 2197 84
f 0 2176
f 0 2187
m 0 2198 2460
f 0 1135
f 0 547
m 0 2199 4748
m 0 2200 1820
f 0 31
m 0 2201 2428
f 0 67
f 0 2095
f 0 1704
f 0 1354
m 0 2202 1648
m 0 2203 2100
f 0 395
f 0 2169
f 0 2162
f 0 2189
m 0 2204 1884
f 0 1585
m 0 2205 2116
f 0 599
f 0 1325
f 0 1242
f 0 2016
f 0 1769
f 0 1162
f 0 1714
f 0 1902
f 0 1800
m 0 2206 2680
m 0 2207 684
m 0 2208 2812
f 0 1114
m 0 2209 1656
m 0 2210 1132
m 0 2211 420
m 0 2212 2544
m 0 2213 3812
f 0 582
f 0 1908
m 0 2214 1720
m 0 2215 1164
f 0 1132
f 0 1323
f 0 1695
f 0 1890
f 0 1554
m 0 2216 2572
f 0 2017
f 0 497
f 0 2104
f 0 2181
m 0 2217 3512
m 0 2218 4232
f 0 1574
m 0 2219 3496
m 0 2220 4136
f 0 284
m 0 2221 3804
f 0 2194
m 0 2222 3332
m 0 2223 2112
f 0 1824
m 0 2224 4164
m 0 2225 372
m 0 2226 4868
m 0 2227 900
f 0 1375
m 0 2228 3996
f 0 40
m 0 2229 4180
f 0 571
f 0 1817
m 0 2230 3288
m 0 2231 1044
f 0 2053
f 0 1825
f 0 810
f 0 1144
m 0 2232 4844
f 0 2150
m 0 2233 456
f 0 1048
f 0 2157
f 0 1903
m 0 2234 2696
f 0 1799
m 0 2235 2944
m 0 2236 3208
m 0 2237 140
m 0 2238 1980
m 0 2239 3528
m 0 2240 3284
m 0 2241 4336
f 0 642
f 0 1565
m 0 2242 3056
f 0 1814
m 0 2243 1388
m 0 2244 3144
f 0 66
m 0 2245 348
m 0 2246 4168
m 0 2247 956
m 0 2248 2916
f 0 1127
m 0 2249 3976
f 0 763
m 0 2250 2180
m 0 2251 2028
m 0 2252 3308
f 0 2065
f 0 1712
m 0 2253 3700
m 0 2254 3144
f 0 1483
f 0 1689
m 0 2255 2236
f 0 145
f 0 910
f 0 2101
f 0 1884
f 0 2213
f 0 2048
f 0 1377
m 0 2256 368
m 0 2257 1092
f 0 1384
f 0 796
f 0 720
m 0 2258 1832
f 0 1150
m 0 2259 3668
f 0 440
f 0 2046
f 0 1615
f 0 2120
f 0 303
m 0 2260 1840
m 0 2261 3400
f 0 1834
m 0 2262 3760
f 0 2019
f 0 748
f 0 1961
m 0 2263 1880
m 0 2264 4792
f 0 1110
f 0 28
m 0 2265 460
m 0 2266 1328
m 0 2267 4696
m 0 2268 3396
f 0 1266
f 0 113
m 0 2269 3140
m 0 2270 864
m 0 2271 1956
f 0 2170
f 0 1562
m 0 2272 2200
f 0 1387
m 0 2273 556
m 0 2274 1188
m 0 2275 1696
m 0 2276 1548
f 0 161
f 0 1929
m 0 2277 408
f 0 574
f 0 1298
f 0 1383
f 0 2217
m 0 2278 2492
f 0 1868
f 0 1757
m 0 2279 2700
m 0 2280 3444
f 0 1176
f 0 2050
f 0 1744
f 0 59
m 0 2281 3944
m 0 2282 2848
f 0 1876
f 0 1064
f 0 1271
m 0 2283 1548
f 0 1362
m 0 2284 896
f 0 301
f 0 1474
f 0 1679
f 0 667
f 0 769
f 0 1187
f 0 1287
f 0 1641
f 0 314
m 0 2285 1412
f 0 151
m 0 2286 3780
m 0 2287 4268
m 0 2288 3688
f 0 181
f 0 1895
f 0 2029
m 0 2289 1680
m 0 2290 1116
f 0 394
f 0 1129
f 0 1105
f 0 1098
f 0 819
m 0 2291 2464
f 0 2281
m 0 2292 2400
f 0 1329
f 0 2186
f 0 1356
f 0 1373
f 0 2123
m 0 2293 2884
f 0 867
f 0 536
m 0 2294 2804
m 0 2295 1300
m 0 2296 1288
f 0 1592
f 0 1656
f 0 2245
f 0 1372
f 0 1077
m 0 2297 2944
m 0 2298 4400
m 0 2299 2844
f 0 1140
m 0 2300 2896
f 0 1564
f 0 2008
m 0 2301 2336
f 0 1309
f 0 2096
m 0 2302 420
m 0 2303 4324
f 0 1430
f 0 1703
m 0 2304 4136
m 0 2305 1580
f 0 1457
m 0 2306 1616
m 0 2307 1240
m 0 2308 3640
f 0 364
f 0 1148
f 0 2094
m 0 2309 4020
m 0 2310 1676
m 0 2311 4224
f 0 1633
f 0 1676
m 0 2312 2484
m 0 2313 3820
f 0 2179
f 0 1301
f 0 759
f 0 1700
m 0 2314 3944
f 0 322
f 0 1443
m 0 2315 4444
f 0 1231
m 0 2316 1008
f 0 435
m 0 2317 2892
f 0 1894
f 0 1964
m 0 2318 2808
m 0 2319 3460
f 0 1407
m 0 2320 4080
f 0 167
m 0 2321 2544
m 0 2322 972
f 0 1203
f 0 1420
f 0 2322
f 0 2024
f 0 209
f 0 2031
f 0 944
f 0 114
f 0 815
f 0 797
f 0 1390
f 0 1451
f 0 1640
f 0 1723
m 0 2323 4164
m 0 2324 3176
m 0 2325 3984
f 0 1854
f 0 1845
f 0 498
m 0 2326 2736
f 0 1808
f 0 2041
f 0 1828
m 0 2327 4256
f 0 2252
f 0 1026
f 0 1998
f 0 2222
f 0 1549
f 0 2151
f 0 1107
f 0 1710
m 0 2328 1968
m 0 2329 1080
m 0 2330 3288
f 0 2160
f 0 1687
f 0 1924
f 0 1361
f 0 1533
f 0 1480
m 0 2331 2824
m 0 2332 784
f 0 2014
f 0 805
m 0 2333 4548
m 0 2334 3424
f 0 205
m 0 2335 3872
f 0 1269
f 0 472
f 0 965
m 0 2336 4556
f 0 1696
f 0 2192
f 0 892
m 0 2337 3172
f 0 885
f 0 2334
m 0 2338 2824
m 0 2339 3680
m 0 2340 1256
f 0 1613
f 0 1526
f 0 739
m 0 2341 4504
f 0 2191
f 0 2276
f 0 2218
f 0 1089
m 0 2342 3568
f 0 791
f 0 1257
f 0 2269
f 0 998
f 0 126
m 0 2343 3920
f 0 1313
f 0 362
m 0 2344 552
f 0 2107
f 0 1780
f 0 2317
f 0 1996
f 0 4
m 0 2345 1884
f 0 127
m 0 2346 2996
m 0 2347 3420
f 0 2020
m 0 2348 1340
f 0 1668
m 0 2349 600
f 0 278
f 0 447
m 0 2350 3360
m 0 2351 1184
f 0 2214
f 0 273
f 0 2230
f 0 588
f 0 1534
f 0 1861
f 0 162
m 0 2352 3520
f 0 2174
f 0 2257
m 0 2353 1876
f 0 2043
m 0 2354 1876
f 0 770
f 0 1552
m 0 2355 2808
f 0 1575
f 0 344
f 0 2328
m 0 2356 3900
m 0 2357 3792
m 0 2358 1632
m 0 2359 3416
f 0 353
m 0 2360 544
f 0 1062
m 0 2361 1860
f 0 2136
f 0 745
f 0 891
f 0 1033
f 0 2085
f 0 453
f 0 2314
m 0 2362 1992
f 0 1402
f 0 257
f 0 1816
f 0 516
m 0 2363 4852
m 0 2364 4604
f 0 2318
f 0 1145
m 0 2365 288
m 0 2366 68
f 0 685
f 0 105
f 0 1928
f 0 1731
f 0 1455
f 0 2040
f 0 1572
f 0 1950
m 0 2367 4132
f 0 1974
m 0 2368 1588
f 0 1948
f 0 1842
f 0 816
f 0 842
m 0 2369 2932
f 0 138
m 0 2370 2340
f 0 2226
m 0 2371 2800
f 0 2200
f 0 1927
f 0 1453
f 0 1569
m 0 2372 2444
m 0 2373 200
f 0 532
f 0 616
f 0 674
f 0 294
f 0 1
f 0 1022
m 0 2374 336
f 0 2161
m 0 2375 108
m 0 2376 2764
f 0 939
f 0 1778
m 0 2377 812
f 0 1046
f 0 721
m 0 2378 60
f 0 2278
m 0 2379 4104
f 0 1805
m 0 2380 4416
f 0 1989
f 0 2022
f 0 710
m 0 2381 3836
m 0 2382 3352
f 0 2291
f 0 122
m 0 2383 3524
m 0 2384 2076
m 0 2385 764
f 0 1985
m 0 2386 1000
m 0 2387 4040
f 0 589
m 0 2388 1080
f 0 251
f 0 352
f 0 142
m 0 2389 3144
f 0 279
m 0 2390 3836
f 0 793
f 0 1987
m 0 2391 4600
m 0 2392 788
f 0 1067
f 0 737
f 0 1261
m 0 2393 108
m 0 2394 2884
f 0 2274
m 0 2395 1580
m 0 2396 4172
m 0 2397 184
m 0 2398 2264
m 0 2399 2780
f 0 888
m 0 2400 3592
f 0 1729
m 0 2401 780
m 0 2402 1328
f 0 2287
m 0 2403 3780
m 0 2404 4420
m 0 2405 2904
m 0 2406 4824
f 0 2185
m 0 2407 1608
f 0 706
f 0 1941
f 0 1936
m 0 2408 2868
m 0 2409 372
f 0 2258
f 0 2290
f 0 1288
m 0 2410 3500
f 0 1576
f 0 823
f 0 160
f 0 1697
m 0 2411 4272
m 0 2412 712
m 0 2413 4072
m 0 2414 996
f 0 1352
m 0 2415 2224
m 0 2416 3740
f 0 959
m 0 2417 3060
m 0 2418 800
m 0 2419 3860
m 0 2420 1636
f 0 1809
f 0 332
m 0 2421 148
f 0 2146
f 0 2271
f 0 1226
m 0 2422 1364
m 0 2423 4300
f 0 626
m 0 2424 1352
f 0 1543
m 0 2425 3372
m 0 2426 3692
f 0 2177
f 0 2386
m 0 2427 1164
m 0 2428 32
f 0 1041
m 0 2429 4148
m 0 2430 2456
f 0 2190
f 0 956
f 0 21
m 0 2431 536
m 0 2432 3424
m 0 2433 836
f 0 2015
f 0 1875
f 0 1935
f 0 2302
f 0 902
m 0 2434 2684
f 0 91
m 0 2435 3332
m 0 2436 864
f 0 1516
f 0 1951
f 0 2422
m 0 2437 812
f 0 2343
f 0 904
f 0 2399
m 0 2438 832
f 0 216
f 0 1860
f 0 1350
f 0 1239
f 0 1954
f 0 1940
f 0 1536
f 0 1435
f 0 131
m 0 2439 916
f 0 1484
f 0 768
f 0 2137
m 0 2440 1688
f 0 1777
m 0 2441 4832
f 0 1812
f 0 1931
m 0 2442 1928
m 0 2443 468
f 0 1968
f 0 824
f 0 580
m 0 2444 3808
f 0 491
f 0 1365
f 0 2263
m 0 2445 3868
m 0 2446 3736
f 0 1469
f 0 2212
m 0 2447 4336
m 0 2448 1344
m 0 2449 2636
f 0 1386
f 0 1643
f 0 2446
f 0 1102
f 0 949
f 0 2320
f 0 1963
m 0 2450 2896
m 0 2451 660
f 0 1032
m 0 2452 2392
f 0 623
m 0 2453 2024
f 0 206
f 0 2391
f 0 2011
f 0 2414
m 0 2454 2352
f 0 2284
m 0 2455 3856
m 0 2456 4336
f 0 1608
f 0 2303
f 0 2353
f 0 2195
m 0 2457 4576
f 0 2112
m 0 2458 2780
m 0 2459 2072
f 0 2144
f 0 2416
f 0 731
f 0 1867
m 0 2460 244
f 0 1622
f 0 2073
f 0 2359
f 0 2368
m 0 2461 140
f 0 2372
m 0 2462 3684
f 0 1650
m 0 2463 4240
f 0 239
f 0 691
f 0 2297
f 0 2300
m 0 2464 3320
f 0 1023
f 0 1977
m 0 2465 2628
f 0 2435
f 0 2219
f 0 2211
f 0 1486
m 0 2466 4768
f 0 2103
f 0 1492
f 0 973
f 0 2210
m 0 2467 3892
m 0 2468 1908
f 0 2440
f 0 1915
m 0 2469 4128
f 0 1718
m 0 2470 1704
f 0 156
m 0 2471 3604
f 0 2140
f 0 1139
f 0 1626
f 0 1965
f 0 2113
m 0 2472 1260
f 0 708
m 0 2473 1480
m 0 2474 624
m 0 2475 3404
m 0 2476 4036
f 0 1045
m 0 2477 2540
f 0 1923
f 0 1571
f 0 1163
m 0 2478 4184
m 0 2479 4084
f 0 1893
f 0 2310
f 0 790
m 0 2480 2952
f 0 2370
f 0 2262
m 0 2481 2276
m 0 2482 2372
m 0 2483 3168
m 0 2484 2380
f 0 672
f 0 1662
m 0 2485 2652
m 0 2486 2256
f 0 1475
f 0 2308
m 0 2487 348
f 0 503
m 0 2488 904
f 0 2387
f 0 1761
f 0 2376
f 0 2480
m 0 2489 3536
f 0 1115
m 0 2490 2776
m 0 2491 4844
f 0 2159
f 0 1119
f 0 2392
m 0 2492 2884
f 0 1152
m 0 2493 4832
m 0 2494 920
f 0 656
f 0 1760
m 0 2495 2928
f 0 2227
f 0 166
f 0 2289
f 0 2034
f 0 2204
f 0 1285
m 0 2496 3504
f 0 1066
f 0 1688
f 0 1947
f 0 2327
f 0 968
m 0 2497 3816
f 0 546
m 0 2498 296
m 0 2499 4132
f 0 1719
f 0 874
f 0 2349
f 0 1933
f 0 876
m 0 2500 1432
f 0 2108
m 0 2501 2568
m 0 2502 1184
f 0 2055
f 0 1979
m 0 2503 2028
m 0 2504 4804
f 0 2311
f 0 2420
f 0 2415
f 0 2280
m 0 2505 4544
f 0 1934
f 0 1790
m 0 2506 284
f 0 1514
f 0 1159
m 0 2507 4568
m 0 2508 3760
f 0 2234
m 0 2509 460
f 0 1419
f 0 1247
m 0 2510 3400
m 0 2511 3020
f 0 2442
m 0 2512 1100
m 0 2513 4396
f 0 2139
f 0 1653
f 0 42
m 0 2514 124
f 0 1885
m 0 2515 904
f 0 1408
f 0 564
f 0 2445
f 0 2430
m 0 2516 3704
f 0 197
f 0 683
f 0 2366
f 0 1091
f 0 2167
f 0 2487
m 0 2517 1852
m 0 2518 3984
m 0 2519 1908
f 0 1759
f 0 597
m 0 2520 3840
f 0 687
f 0 948
m 0 2521 1276
f 0 929
f 0 531
f 0 2329
f 0 1500
m 0 2522 1640
f 0 383
m 0 2523 4080
m 0 2524 1924
f 0 2110
f 0 1528
f 0 2336
f 0 1818
m 0 2525 1052
f 0 1321
m 0 2526 4504
m 0 2527 1332
f 0 2261
m 0 2528 472
f 0 2087
m 0 2529 1636
m 0 2530 2332
m 0 2531 4596
f 0 2360
m 0 2532 1020
f 0 2119
m 0 2533 1944
f 0 1966
f 0 1741
m 0 2534 3072
m 0 2535 4412
m 0 2536 8
f 0 2519
f 0 1740
f 0 2279
m 0 2537 3704
m 0 2538 192
m 0 2539 3368
m 0 2540 56
f 0 2254
f 0 2058
f 0 1460
m 0 2541 1652
f 0 2000
m 0 2542 3572
f 0 512
f 0 2358
f 0 2448
f 0 1194
f 0 1677
f 0 2536
f 0 2473
f 0 1446
m 0 2543 4844
f 0 504
f 0 899
m 0 2544 3468
f 0 141
m 0 2545 1448
f 0 1878
f 0 1766
f 0 1560
m 0 2546 1044
m 0 2547 1464
f 0 1843
m 0 2548 3268
f 0 1930
f 0 1918
m 0 2549 4188
f 0 2081
f 0 2051
f 0 2115
f 0 713
m 0 2550 2972
m 0 2551 3488
f 0 2028
f 0 1113
f 0 1949
m 0 2552 4540
f 0 2171
f 0 1647
m 0 2553 3500
f 0 889
m 0 2554 28
f 0 2305
m 0 2555 1860
m 0 2556 3704
f 0 658
f 0 980
f 0 1535
f 0 280
m 0 2557 3752
m 0 2558 4592
m 0 2559 3404
f 0 2425
f 0 2086
f 0 2338
f 0 2333
f 0 1076
f 0 906
f 0 1260
m 0 2560 2264
m 0 2561 664
f 0 1609
f 0 1682
f 0 1743
m 0 2562 3148
m 0 2563 1432
f 0 530
f 0 1705
f 0 2330
f 0 177
f 0 2444
f 0 182
f 0 2273
m 0 2564 1416
m 0 2565 1512
m 0 2566 3116
f 0 1920
f 0 2523
f 0 2350
f 0 1791
f 0 2485
f 0 1268
m 0 2567 568
m 0 2568 652
f 0 2548
m 0 2569 1580
m 0 2570 4840
f 0 934
f 0 1238
m 0 2571 3192
f 0 437
f 0 2228
f 0 1921
f 0 17
f 0 484
m 0 2572 2060
m 0 2573 148
f 0 1490
f 0 2553
f 0 1395
m 0 2574 2684
f 0 2282
m 0 2575 1048
m 0 2576 3084
f 0 1123
f 0 622
m 0 2577 3612
f 0 1311
m 0 2578 3504
m 0 2579 4332
f 0 1823
f 0 2286
f 0 2003
f 0 2492
f 0 1782
f 0 2292
f 0 515
m 0 2580 4024
m 0 2581 224
f 0 619
m 0 2582 2440
m 0 2583 4248
m 0 2584 4328
f 0 1904
m 0 2585 344
m 0 2586 2760
m 0 2587 1828
m 0 2588 1268
m 0 2589 1260
m 0 2590 1264
f 0 792
f 0 1327
f 0 1339
f 0 2564
f 0 270
f 0 1850
f 0 2264
f 0 2545
f 0 354
f 0 2127
f 0 2038
f 0 2027
f 0 2298
f 0 712
f 0 1788
f 0 701
f 0 2168
m 0 2591 1460
m 0 2592 3772
f 0 2558
m 0 2593 3240
m 0 2594 1624
f 0 1701
m 0 2595 3220
f 0 2443
f 0 1424
f 0 1887
f 0 1126
f 0 2592
m 0 2596 3000
m 0 2597 4780
f 0 1773
m 0 2598 4252
f 0 1765
f 0 1087
m 0 2599 1816
m 0 2600 3492
f 0 2579
f 0 2196
m 0 2601 4152
m 0 2602 4524
f 0 2551
f 0 2478
f 0 1628
f 0 1478
m 0 2603 4720
f 0 1742
m 0 2604 3112
m 0 2605 2924
m 0 2606 4304
f 0 2471
f 0 2382
m 0 2607 4400
m 0 2608 3832
f 0 2131
f 0 452
m 0 2609 2164
f 0 2537
m 0 2610 1788
f 0 2500
m 0 2611 4836
m 0 2612 40
f 0 476
f 0 1340
f 0 1797
m 0 2613 4500
f 0 1253
f 0 1953
m 0 2614 2000
m 0 2615 528
f 0 2530
f 0 267
f 0 2474
f 0 86
f 0 1652
f 0 2426
f 0 1447
f 0 2428
f 0 1013
f 0 1591
m 0 2616 3820
m 0 2617 2072
f 0 2554
f 0 2295
f 0 1546
f 0 1349
f 0 621
f 0 1573
f 0 2064
f 0 1355
f 0 1758
f 0 2183
f 0 2593
f 0 108
m 0 2618 2236
f 0 2309
f 0 2346
m 0 2619 292
f 0 2044
f 0 1517
f 0 2499
f 0 2141
f 0 1847
f 0 1104
f 0 2178
m 0 2620 224
f 0 2503
m 0 2621 848
f 0 36
f 0 2561
m 0 2622 1008
f 0 1984
f 0 2586
f 0 1071
f 0 734
f 0 2608
f 0 2562
f 0 2396
f 0 1738
m 0 2623 3676
f 0 2513
m 0 2624 3360
f 0 2622
m 0 2625 2388
f 0 2407
f 0 2175
f 0 1304
f 0 629
f 0 1945
m 0 2626 2736
f 0 1992
f 0 1644
m 0 2627 1180
m 0 2628 296
m 0 2629 1180
f 0 1822
m 0 2630 2652
f 0 1870
m 0 2631 2796
f 0 1557
f 0 2520
f 0 420
f 0 1976
f 0 323
m 0 2632 1796
m 0 2633 4852
m 0 2634 2328
m 0 2635 4776
f 0 2236
f 0 600
f 0 2380
f 0 654
m 0 2636 2500
m 0 2637 904
f 0 662
f 0 1901
f 0 2240
f 0 1243
f 0 1165
f 0 2540
f 0 773
m 0 2638 3596
f 0 2371
f 0 2097
f 0 2463
f 0 542
f 0 2576
m 0 2639 4128
m 0 2640 3044
f 0 2577
f 0 2251
f 0 2288
m 0 2641 3904
f 0 2599
f 0 217
f 0 2321
m 0 2642 460
m 0 2643 4672
f 0 699
f 0 2531
f 0 1751
f 0 2573
m 0 2644 492
m 0 2645 1448
f 0 2535
f 0 926
m 0 2646 420
m 0 2647 2996
f 0 1540
f 0 460
m 0 2648 4000
f 0 2641
m 0 2649 2592
f 0 2501
m 0 2650 144
m 0 2651 4396
f 0 2148
m 0 2652 1272
m 0 2653 3608
f 0 1905
f 0 1073
f 0 1891
f 0 2419
f 0 1864
f 0 329
f 0 1711
f 0 673
f 0 2099
f 0 334
m 0 2654 1160
f 0 2603
f 0 2552
m 0 2655 4172
f 0 309
f 0 370
m 0 2656 1824
m 0 2657 4224
f 0 1838
m 0 2658 1860
f 0 2408
f 0 1429
m 0 2659 3392
f 0 2012
m 0 2660 3472
m 0 2661 1784
m 0 2662 3600
f 0 2307
f 0 2237
f 0 2629
f 0 2250
m 0 2663 2020
f 0 2102
f 0 2007
f 0 2634
f 0 2460
f 0 2117
m 0 2664 3252
f 0 2489
f 0 2617
f 0 1363
m 0 2665 1712
m 0 2666 640
f 0 2465
m 0 2667 2556
m 0 2668 4216
f 0 1254
f 0 1553
m 0 2669 2516
m 0 2670 1588
f 0 1603
m 0 2671 1724
f 0 2362
m 0 2672 136
f 0 2172
f 0 2013
f 0 2451
f 0 2106
f 0 2410
f 0 2032
m 0 2673 4800
f 0 1080
f 0 2457
f 0 1228
f 0 2606
f 0 1418
f 0 989
m 0 2674 3364
f 0 2512
m 0 2675 3684
m 0 2676 2000
m 0 2677 4064
m 0 2678 3416
m 0 2679 204
f 0 2184
m 0 2680 4840
f 0 1815
f 0 1223
f 0 430
m 0 2681 704
m 0 2682 4504
m 0 2683 4832
f 0 2621
m 0 2684 860
f 0 1672
f 0 1852
f 0 1772
f 0 186
f 0 2587
f 0 1467
f 0 1328
f 0 2152
f 0 2467
m 0 2685 1448
f 0 2674
m 0 2686 1920
m 0 2687 2828
f 0 651
f 0 1919
m 0 2688 632
f 0 2604
f 0 475
m 0 2689 1944
f 0 2614
f 0 2447
f 0 2397
m 0 2690 2564
f 0 2427
m 0 2691 1108
f 0 2149
f 0 1397
f 0 1523
f 0 2676
f 0 2355
f 0 2301
m 0 2692 428
f 0 396
f 0 222
f 0 2313
f 0 1833
f 0 882
f 0 1000
m 0 2693 3316
m 0 2694 4228
f 0 529
f 0 527
f 0 1871
m 0 2695 360
f 0 1667
f 0 2354
f 0 2242
f 0 2578
m 0 2696 2436
f 0 2646
f 0 1316
m 0 2697 236
m 0 2698 2848
f 0 2316
m 0 2699 2656
f 0 421
m 0 2700 4708
f 0 1279
f 0 1487
f 0 2476
f 0 2636
m 0 2701 3632
f 0 1578
f 0 19
f 0 2126
m 0 2702 3304
m 0 2703 3336
f 0 2624
m 0 2704 1844
f 0 1906
f 0 2345
f 0 2482
f 0 809
f 0 2060
f 0 1807
f 0 962
f 0 1143
f 0 1880
f 0 1348
m 0 2705 4516
m 0 2706 1520
f 0 2247
f 0 2381
f 0 1745
m 0 2707 548
m 0 2708 1712
f 0 2432
f 0 1971
f 0 2495
f 0 1215
m 0 2709 1932
f 0 2619
m 0 2710 1624
f 0 176
m 0 2711 472
f 0 2698
f 0 1583
f 0 2458
f 0 2401
f 0 1336
f 0 2456
m 0 2712 3132
f 0 117
m 0 2713 1608
f 0 1754
m 0 2714 4400
f 0 1299
m 0 2715 1524
f 0 2133
m 0 2716 4556
f 0 1747
m 0 2717 1284
m 0 2718 3624
f 0 2689
f 0 2390
m 0 2719 3356
f 0 2093
m 0 2720 1788
f 0 2693
f 0 2033
f 0 2566
f 0 2705
f 0 2510
m 0 2721 4076
m 0 2722 4716
f 0 1830
f 0 1910
f 0 2423
f 0 2304
f 0 2494
f 0 2662
f 0 2296
f 0 1649
f 0 2663
f 0 2404
f 0 1283
f 0 2438
f 0 2378
m 0 2723 2524
f 0 2668
f 0 2437
f 0 225
f 0 408
f 0 308
f 0 2664
f 0 2470
f 0 1417
m 0 2724 4408
m 0 2725 4108
f 0 1882
m 0 2726 2008
f 0 2315
m 0 2727 1240
f 0 2069
f 0 2666
f 0 2632
f 0 1227
f 0 822
m 0 2728 704
m 0 2729 2120
f 0 2493
f 0 1505
f 0 1639
m 0 2730 996
f 0 632
f 0 2685
m 0 2731 3392
f 0 862
m 0 2732 1176
f 0 2325
m 0 2733 3184
f 0 448
m 0 2734 2308
f 0 2594
f 0 1629
m 0 2735 4632
f 0 1975
f 0 2233
f 0 218
m 0 2736 3680
m 0 2737 632
f 0 1844
m 0 2738 928
f 0 1877
f 0 925
f 0 1856
f 0 2056
f 0 1781
f 0 2143
f 0 1376
m 0 2739 608
m 0 2740 4308
f 0 2524
m 0 2741 304
f 0 2645
f 0 2673
f 0 119
m 0 2742 4468
f 0 465
f 0 2517
f 0 2528
m 0 2743 4680
f 0 765
f 0 11
f 0 1249
m 0 2744 3240
f 0 2215
m 0 2745 3372
m 0 2746 3984
f 0 1525
f 0 506
f 0 2718
f 0 2557
f 0 2584
m 0 2747 100
f 0 2522
f 0 2546
f 0 2002
f 0 2661
m 0 2748 3736
f 0 2374
f 0 116
f 0 1411
m 0 2749 704
f 0 2001
m 0 2750 412
m 0 2751 3976
f 0 2266
m 0 2752 924
f 0 2208
f 0 2221
f 0 794
m 0 2753 3780
f 0 2239
f 0 2508
f 0 1991
f 0 1839
m 0 2754 4496
f 0 2412
f 0 757
f 0 1789
m 0 2755 4284
m 0 2756 2832
f 0 2164
f 0 2556
f 0 2238
f 0 1138
f 0 2684
f 0 2089
f 0 2021
f 0 2747
f 0 2134
f 0 407
f 0 2736
m 0 2757 2908
m 0 2758 3884
m 0 2759 3240
m 0 2760 160
f 0 785
f 0 2504
f 0 2547
m 0 2761 3324
f 0 2066
f 0 2332
f 0 2449
m 0 2762 3876
f 0 981
f 0 2361
f 0 2091
m 0 2763 3832
f 0 2659
f 0 1716
m 0 2764 796
f 0 1322
m 0 2765 4428
f 0 324
m 0 2766 888
f 0 732
f 0 984
f 0 2224
f 0 1958
m 0 2767 2292
f 0 2092
f 0 2068
f 0 2004
m 0 2768 2008
f 0 2481
f 0 2534
m 0 2769 144
f 0 2574
f 0 669
m 0 2770 2648
m 0 2771 1480
f 0 2600
f 0 2737
f 0 1691
f 0 99
f 0 1456
f 0 953
m 0 2772 980
f 0 2429
f 0 1428
f 0 2616
f 0 2077
f 0 136
m 0 2773 936
m 0 2774 268
f 0 1070
m 0 2775 2168
f 0 2357
f 0 1025
f 0 2383
m 0 2776 2204
f 0 455
f 0 2375
f 0 371
f 0 50
m 0 2777 2968
f 0 2394
f 0 2572
f 0 2738
f 0 808
f 0 1803
f 0 606
f 0 1538
f 0 2243
f 0 2312
m 0 2778 4668
f 0 1993
f 0 1527
f 0 2072
f 0 1002
f 0 920
f 0 1728
f 0 1914
f 0 2567
m 0 2779 1684
f 0 2744
f 0 1674
f 0 835
f 0 725
f 0 2469
m 0 2780 160
f 0 2166
f 0 991
m 0 2781 4172
f 0 2703
f 0 1587
m 0 2782 100
f 0 287
f 0 2490
f 0 378
f 0 2700
f 0 2088
f 0 2344
m 0 2783 2172
f 0 2030
m 0 2784 3944
m 0 2785 1932
f 0 2688
f 0 1470
f 0 2244
f 0 2223
f 0 1702
f 0 1009
f 0 2122
m 0 2786 3892
f 0 1171
f 0 2079
m 0 2787 1288
f 0 2596
f 0 2377
f 0 2285
f 0 2719
m 0 2788 4744
m 0 2789 4492
f 0 1785
f 0 2076
m 0 2790 3264
f 0 2203
f 0 2367
f 0 2760
f 0 917
f 0 2758
f 0 957
f 0 1388
m 0 2791 1628
f 0 2711
m 0 2792 3452
f 0 1646
m 0 2793 2368
f 0 2723
m 0 2794 2324
m 0 2795 388
m 0 2796 452
f 0 2417
m 0 2797 2320
f 0 1946
f 0 1939
f 0 2118
f 0 1399
f 0 2642
m 0 2798 1924
f 0 2434
f 0 1273
f 0 1040
f 0 2582
m 0 2799 768
f 0 566
m 0 2800 700
f 0 2475
f 0 2205
f 0 2059
f 0 2454
f 0 894
f 0 1029
f 0 2331
f 0 198
f 0 1494
m 0 2801 3060
m 0 2802 3028
f 0 1632
f 0 2607
f 0 2708
f 0 2248
f 0 2776
f 0 2267
f 0 2570
f 0 1938
m 0 2803 2240
f 0 2637
m 0 2804 2324
f 0 2074
f 0 2544
f 0 1305
f 0 190
f 0 2652
m 0 2805 1504
f 0 2486
m 0 2806 4552
f 0 2006
f 0 1208
f 0 2802
f 0 1414
f 0 2199
m 0 2807 944
m 0 2808 2648
f 0 259
m 0 2809 1284
f 0 2734
m 0 2810 4496
f 0 1476
m 0 2811 3296
f 0 2724
f 0 2319
f 0 2165
f 0 2595
f 0 1794
f 0 2468
f 0 2409
m 0 2812 148
f 0 2351
f 0 526
f 0 2759
m 0 2813 1096
f 0 253
f 0 2049
m 0 2814 3324
f 0 419
m 0 2815 1340
f 0 694
f 0 1698
f 0 2283
f 0 2201
f 0 1972
f 0 2583
f 0 2672
f 0 2627
f 0 2369
m 0 2816 780
f 0 2241
f 0 2418
f 0 1836
f 0 517
f 0 1181
f 0 2610
f 0 2671
f 0 2521
f 0 690
f 0 2461
f 0 1819
f 0 1092
f 0 2682
f 0 2585
m 0 2817 1624
f 0 2511
f 0 2156
f 0 2773
f 0 2575
f 0 1006
f 0 2791
m 0 2818 4780
f 0 2628
f 0 1959
f 0 2431
f 0 1841
f 0 2762
f 0 2751
f 0 2656
f 0 2677
f 0 2342
f 0 1506
m 0 2819 3620
f 0 2804
m 0 2820 3628
f 0 467
f 0 2352
f 0 1859
f 0 2455
f 0 1404
f 0 2356
f 0 1432
m 0 2821 1324
m 0 2822 2668
m 0 2823 2184
f 0 2411
f 0 1096
f 0 2752
f 0 2785
m 0 2824 2156
m 0 2825 928
m 0 2826 1708
f 0 2825
f 0 1495
f 0 2259
f 0 1956
m 0 2827 4788
f 0 2783
f 0 2202
f 0 2052
f 0 365
f 0 98
f 0 2816
f 0 2704
m 0 2828 2316
m 0 2829 4340
f 0 565
f 0 2142
f 0 1056
m 0 2830 1132
f 0 1750
f 0 2611
f 0 2716
m 0 2831 2132
f 0 2754
m 0 2832 1912
m 0 2833 4700
f 0 319
f 0 2341
f 0 2715
f 0 1179
f 0 2731
f 0 2777
m 0 2834 3240
f 0 2483
f 0 1768
m 0 2835 3080
f 0 69
f 0 2207
f 0 2560
f 0 2714
f 0 2749
f 0 2823
m 0 2836 2492
f 0 2827
f 0 2750
f 0 339
m 0 2837 624
f 0 2741
m 0 2838 1376
f 0 2772
f 0 2655
f 0 1093
m 0 2839 1208
f 0 1167
f 0 844
f 0 1659
f 0 2822
m 0 2840 3392
f 0 2829
f 0 2083
f 0 2643
m 0 2841 4756
f 0 2763
f 0 2817
f 0 129
f 0 2009
f 0 2808
m 0 2842 1504
f 0 1727
f 0 2623
f 0 2209
f 0 2379
f 0 1496
f 0 1280
f 0 336
m 0 2843 188
f 0 2555
f 0 385
m 0 2844 1684
f 0 2654
f 0 2384
f 0 1699
f 0 2651
f 0 1942
f 0 2834
f 0 817
f 0 2658
f 0 2472
f 0 2154
f 0 2413
f 0 1015
f 0 2459
f 0 1960
f 0 1846
f 0 2779
m 0 2845 2092
m 0 2846 3876
f 0 2828
f 0 1368
f 0 2216
f 0 2340
f 0 147
f 0 2235
f 0 941
f 0 2602
f 0 2649
f 0 2771
f 0 2373
m 0 2847 3996
m 0 2848 120
f 0 927
f 0 705
f 0 1130
f 0 2667
m 0 2849 1532
f 0 2838
f 0 1831
f 0 2598
f 0 2660
m 0 2850 3428
f 0 2335
f 0 2699
f 0 1725
f 0 1170
m 0 2851 424
f 0 2550
m 0 2852 2772
f 0 2730
f 0 1863
f 0 1715
m 0 2853 964
f 0 2680
f 0 1394
f 0 1272
m 0 2854 2144
f 0 2395
f 0 2299
m 0 2855 3184
m 0 2856 3840
f 0 2180
m 0 2857 856
f 0 2710
f 0 719
f 0 1018
f 0 2756
f 0 2648
f 0 2277
f 0 2795
f 0 2701
m 0 2858 2836
f 0 1278
f 0 2826
m 0 2859 224
m 0 2860 4620
f 0 2721
m 0 2861 1828
f 0 2717
f 0 2861
m 0 2862 1044
m 0 2863 2212
f 0 2800
f 0 2453
f 0 2695
f 0 750
m 0 2864 3976
m 0 2865 544
f 0 1488
f 0 1542
f 0 1566
f 0 2526
f 0 1678
f 0 1462
f 0 2403
f 0 2799
f 0 2853
f 0 2781
f 0 1051
f 0 2764
f 0 751
m 0 2866 4584
m 0 2867 2076
f 0 2462
m 0 2868 4368
f 0 2389
f 0 1300
f 0 828
f 0 2803
f 0 2832
f 0 2498
f 0 342
m 0 2869 2144
f 0 2197
f 0 2509
f 0 2580
m 0 2870 1584
m 0 2871 68
f 0 2835
f 0 2798
m 0 2872 1680
f 0 2466
f 0 1156
m 0 2873 644
f 0 2814
f 0 2697
m 0 2874 520
m 0 2875 1284
m 0 2876 3148
f 0 1134
f 0 2116
f 0 2866
f 0 545
f 0 27
f 0 34
f 0 2647
m 0 2877 4368
f 0 2348
f 0 2650
f 0 2613
f 0 2609
f 0 2793
f 0 2875
m 0 2878 2760
f 0 2873
f 0 1770
f 0 637
f 0 2806
m 0 2879 3192
f 0 2365
f 0 2061
f 0 2860
f 0 2433
f 0 1028
f 0 2256
f 0 2549
f 0 2158
m 0 2880 3104
f 0 2084
f 0 2588
m 0 2881 1488
f 0 2581
f 0 1821
f 0 2393
f 0 2729
m 0 2882 3864
m 0 2883 1928
f 0 2347
f 0 645
f 0 2878
f 0 2506
f 0 2488
f 0 2740
f 0 2757
f 0 2681
f 0 2268
f 0 1276
f 0 2229
m 0 2884 3712
f 0 2846
f 0 937
f 0 2784
m 0 2885 3740
m 0 2886 4576
m 0 2887 2336
f 0 2836
f 0 1610
f 0 2765
f 0 2339
m 0 2888 836
f 0 2844
m 0 2889 848
f 0 1666
f 0 153
m 0 2890 3332
f 0 2385
m 0 2891 2392
f 0 2739
f 0 2424
f 0 2727
m 0 2892 3428
f 0 1888
f 0 2363
f 0 2746
m 0 2893 3236
f 0 2678
m 0 2894 180
f 0 767
f 0 696
f 0 2894
f 0 2323
f 0 2742
m 0 2895 1356
m 0 2896 1736
f 0 2220
f 0 2768
f 0 2856
f 0 2054
m 0 2897 3376
m 0 2898 1024
f 0 979
f 0 2847
f 0 2232
m 0 2899 4012
f 0 1509
m 0 2900 976
f 0 2496
f 0 2400
m 0 2901 3652
f 0 2265
f 0 2821
f 0 2863
m 0 2902 2264
f 0 2707
f 0 2669
f 0 1840
f 0 2778
m 0 2903 3636
m 0 2904 104
f 0 2098
f 0 2794
m 0 2905 1908
m 0 2906 1012
f 0 928
m 0 2907 784
f 0 1389
f 0 1406
f 0 2872
f 0 2810
m 0 2908 4772
f 0 2845
f 0 2884
f 0 495
f 0 2813
f 0 2831
f 0 1681
f 0 2145
f 0 1004
f 0 2071
f 0 1217
m 0 2909 1940
f 0 2775
f 0 2620
m 0 2910 1156
f 0 851
f 0 2733
f 0 2253
f 0 2163
f 0 2272
f 0 2527
f 0 1521
f 0 2364
f 0 1439
f 0 1883
f 0 2665
f 0 2402
f 0 2067
f 0 1779
m 0 2911 544
m 0 2912 2596
m 0 2913 1280
f 0 2436
m 0 2914 2248
f 0 2876
f 0 2683
f 0 2639
f 0 2871
f 0 2882
m 0 2915 2156
f 0 285
m 0 2916 1620
f 0 2406
f 0 1720
f 0 2398
f 0 1333
m 0 2917 2056
f 0 2638
f 0 715
f 0 2270
f 0 1617
f 0 2255
f 0 2538
m 0 2918 1460
f 0 2198
f 0 2885
f 0 2851
f 0 2477
f 0 2706
f 0 1713
f 0 1147
m 0 2919 2300
f 0 742
f 0 2626
f 0 2690
f 0 2692
f 0 659
f 0 1020
f 0 2859
f 0 2694
f 0 2910
f 0 2062
f 0 1796
f 0 1367
f 0 2507
f 0 2275
f 0 2173
f 0 2753
f 0 2571
m 0 2920 88
m 0 2921 84
f 0 977
f 0 2892
m 0 2922 3980
f 0 2801
f 0 1999
f 0 1568
m 0 2923 1372
f 0 2713
f 0 804
f 0 2687
m 0 2924 648
f 0 2515
f 0 1897
f 0 2543
f 0 2911
f 0 1380
m 0 2925 2928
f 0 2923
f 0 754
m 0 2926 3024
m 0 2927 2048
f 0 2565
f 0 1853
f 0 3
f 0 1396
m 0 2928 628
f 0 1277
f 0 2293
f 0 2709
m 0 2929 304
f 0 1244
f 0 1886
f 0 469
f 0 2720
f 0 2862
f 0 2260
f 0 1251
m 0 2930 2720
m 0 2931 4416
m 0 2932 3032
f 0 2193
f 0 2630
f 0 2497
f 0 1969
m 0 2933 2184
f 0 2857
f 0 2905
m 0 2934 2072
f 0 2745
f 0 2839
f 0 1185
m 0 2935 2012
f 0 2464
f 0 2147
f 0 2597
f 0 2815
f 0 2904
f 0 1392
f 0 1477
m 0 2936 4512
f 0 2849
f 0 1784
f 0 1063
f 0 2121
m 0 2937 516
f 0 2728
f 0 2539
f 0 2294
f 0 226
m 0 2938 1152
f 0 2082
f 0 2913
f 0 2037
f 0 2615
f 0 2824
f 0 2900
f 0 1030
m 0 2939 4740
m 0 2940 3840
f 0 1642
f 0 1324
m 0 2941 1076
f 0 2691
m 0 2942 2624
m 0 2943 4592
f 0 1403
f 0 2450
f 0 2761
m 0 2944 2748
f 0 1054
f 0 1464
f 0 2735
m 0 2945 2688
f 0 2568
f 0 2484
f 0 2797
f 0 2812
f 0 61
m 0 2946 4288
f 0 2895
f 0 2591
m 0 2947 4532
f 0 2532
f 0 2809
f 0 1736
f 0 2842
f 0 2946
m 0 2948 3612
f 0 2491
f 0 1295
f 0 821
m 0 2949 872
f 0 2696
f 0 2937
f 0 2601
f 0 2915
f 0 2848
f 0 2830
m 0 2950 1312
f 0 2936
m 0 2951 1360
f 0 2881
f 0 2880
f 0 1879
f 0 2805
f 0 540
f 0 2518
f 0 488
f 0 2833
f 0 2675
m 0 2952 3720
f 0 2625
f 0 2935
f 0 2922
f 0 698
f 0 2901
f 0 2951
f 0 2653
f 0 2188
f 0 2914
f 0 2931
f 0 2819
f 0 2889
f 0 2788
m 0 2953 2732
m 0 2954 244
f 0 2111
m 0 2955 2616
f 0 2950
f 0 2225
m 0 2956 1156
f 0 2888
m 0 2957 2388
m 0 2958 824
f 0 2868
f 0 2928
f 0 2790
f 0 2
f 0 2858
f 0 2206
f 0 2903
f 0 2932
f 0 2755
m 0 2959 4384
f 0 2939
f 0 2926
f 0 2886
f 0 2026
m 0 2960 412
m 0 2961 1704
m 0 2962 1564
f 0 2837
f 0 1038
f 0 778
f 0 2563
f 0 2945
f 0 2405
m 0 2963 76
f 0 2502
f 0 466
f 0 189
f 0 2231
f 0 16
f 0 2441
f 0 2246
f 0 302
f 0 428
f 0 2883
f 0 1664
f 0 2921
f 0 1346
f 0 1445
f 0 2850
f 0 2912
f 0 2633
f 0 1405
f 0 1767
f 0 187
f 0 128
f 0 2938
f 0 2155
f 0 2954
f 0 2902
f 0 2306
f 0 2670
f 0 1913
f 0 1957
f 0 2080
m 0 2964 3952
f 0 2640
m 0 2965 4008
f 0 23
f 0 1482
f 0 2686
m 0 2966 3916
f 0 2605
f 0 2943
f 0 2820
f 0 1577
f 0 2864
f 0 2867
f 0 1967
f 0 2748
f 0 2542
m 0 2967 4304
f 0 2726
f 0 2153
m 0 2968 4012
f 0 1624
f 0 2767
f 0 1775
f 0 2025
f 0 1442
f 0 1433
f 0 2909
f 0 2796
f 0 1673
f 0 2956
f 0 2618
f 0 2479
f 0 1995
f 0 1675
f 0 847
f 0 2957
f 0 2529
f 0 2907
f 0 2712
f 0 1851
m 0 2969 4328
f 0 2702
f 0 2924
f 0 2766
f 0 1909
f 0 779
f 0 2898
m 0 2970 2328
m 0 2971 124
m 0 2972 4792
f 0 2770
f 0 2631
f 0 2874
m 0 2973 4480
f 0 2920
f 0 641
f 0 2818
f 0 1749
f 0 2896
f 0 507
m 0 2974 1132
m 0 2975 1092
f 0 2953
f 0 2930
f 0 2942
f 0 411
f 0 1116
f 0 2854
m 0 2976 4420
f 0 360
m 0 2977 2468
f 0 2811
f 0 2722
f 0 1900
f 0 2958
f 0 1499
f 0 2974
f 0 2917
f 0 2891
f 0 772
f 0 2439
f 0 2965
f 0 2337
f 0 2725
m 0 2978 2800
f 0 2769
f 0 2899
f 0 2644
f 0 250
f 0 2516
f 0 2612
f 0 2679
f 0 1739
f 0 2129
f 0 2971
m 0 2979 2692
f 0 2964
f 0 2792
m 0 2980 4600
f 0 2966
f 0 2979
f 0 2959
f 0 2944
f 0 522
m 0 2981 752
f 0 1986
f 0 806
f 0 1907
f 0 2782
f 0 2840
f 0 2855
f 0 2961
f 0 2897
f 0 2780
f 0 1708
f 0 2948
f 0 2973
f 0 2843
f 0 2960
f 0 717
f 0 2934
f 0 2929
m 0 2982 4328
f 0 2505
f 0 1222
f 0 2908
f 0 2972
f 0 2906
m 0 2983 3916
m 0 2984 3840
f 0 2100
f 0 2525
f 0 2975
m 0 2985 4004
m 0 2986 220
f 0 2559
f 0 1881
f 0 2589
f 0 2786
f 0 2533
f 0 2916
f 0 2326
f 0 2963
f 0 967
f 0 2887
f 0 2787
f 0 2324
f 0 2388
f 0 2918
f 0 2982
f 0 2927
f 0 2569
m 0 2987 3472
f 0 2981
f 0 2970
m 0 2988 856
m 0 2989 3732
f 0 2890
f 0 1213
f 0 2635
f 0 2452
m 0 2990 2784
f 0 2949
f 0 2514
f 0 2941
f 0 900
m 0 2991 4772
m 0 2992 2612
f 0 2986
f 0 2940
f 0 2841
f 0 2967
f 0 2985
f 0 2869
f 0 2421
f 0 2010
f 0 2933
m 0 2993 4544
f 0 2865
f 0 2993
f 0 826
f 0 2983
f 0 2743
f 0 393
m 0 2994 3416
f 0 2919
m 0 2995 2800
f 0 2541
f 0 2989
f 0 2590
f 0 2992
f 0 2987
f 0 2893
f 0 2852
f 0 1345
f 0 2976
f 0 2249
f 0 2969
f 0 2870
f 0 2980
f 0 2774
f 0 2807
f 0 1434
f 0 2879
f 0 2947
f 0 2657
f 0 2984
f 0 2005
m 0 2996 4036
f 0 2962
f 0 2968
f 0 2955
f 0 2925
f 0 1410
m 0 2997 3444
f 0 807
f 0 2988
f 0 2877
f 0 461
f 0 2997
f 0 2978
f 0 1855
f 0 2977
f 0 2990
f 0 1353
f 0 2995
f 0 2991
f 0 2952
f 0 2732
m 0 2998 1468
f 0 2994
m 0 2999 2500
f 0 456
f 0 2996
f 0 2789
f 0 2999
f 0 2998
