m 4 0 3012
m 2 1 8208
m 4 2 7844
m 4 3 4260
m 2 4 9716
m 1 5 1340
m 0 6 8940
m 5 7 8976
m 1 8 9788
m 3 9 5420
m 1 10 3684
m 3 11 9788
m 4 12 9564
m 3 13 7868
m 0 14 8420
m 5 15 7660
m 0 16 6668
m 5 17 2772
m 4 18 476
m 5 19 5416
m 1 20 8708
m 2 21 5008
m 4 22 7344
m 3 23 664
m 5 24 3424
m 1 25 6896
m 3 26 96
m 0 27 8652
m 5 28 4588
m 5 29 9660
m 0 30 3728
m 1 31 6312
m 1 32 9040
m 4 33 3440
m 0 34 8300
m 4 35 7036
m 4 36 3220
m 3 37 3816
m 3 38 4076
m 5 39 4936
m 3 40 5588
m 1 41 5488
m 3 42 2888
m 1 43 3640
m 2 44 5968
m 4 45 2808
m 5 46 836
m 5 47 8868
m 3 48 9244
m 4 49 2720
m 2 50 8620
m 5 51 3756
m 1 52 168
m 4 53 5344
m 5 54 4216
m 4 55 4440
m 1 56 2156
m 5 57 6760
m 2 58 788
m 2 59 3416
m 0 60 9272
m 2 61 8840
m 1 62 8540
m 4 63 3340
m 4 64 2720
m 1 65 1000
m 5 66 9816
m 4 67 9412
m 3 68 340
f 5 47
m 3 69 9512
m 1 70 3184
m 2 71 8092
m 4 72 3236
m 1 73 9136
m 1 74 2748
m 4 75 7140
m 2 76 9376
m 5 77 28
m 3 78 4588
m 3 79 7268
m 3 80 3016
m 0 81 9712
m 4 82 6300
m 2 83 6760
m 3 84 2644
f 4 72
m 5 85 6136
m 2 86 3076
m 3 87 1624
m 5 88 3172
m 3 89 6168
m 5 90 3632
m 1 91 2684
m 0 92 5984
m 2 93 4480
m 5 94 9700
m 5 95 4128
f 5 54
m 1 96 6824
m 1 97 5072
m 5 98 6056
m 4 99 8572
m 1 100 4712
f 0 14
m 2 101 7992
m 3 102 4928
m 2 103 5476
m 5 104 2840
m 5 105 9764
m 2 106 92
m 5 107 1548
m 1 108 348
m 4 109 5388
m 3 110 3020
f 2 106
m 4 111 1040
m 4 112 6956
m 3 113 5564
m 2 114 232
m 1 115 8816
m 4 116 4632
m 5 117 260
m 2 118 6660
m 1 119 692
m 1 120 5096
m 2 121 1948
m 4 122 3284
m 2 123 2288
m 2 124 4444
m 4 125 7604
m 5 126 2420
f 4 63
m 4 127 4176
m 5 128 3108
m 0 129 4264
m 5 130 7848
f 3 42
m 0 131 8260
m 1 132 4080
m 0 133 5060
m 5 134 5504
m 3 135 2376
m 2 136 952
m 5 137 5956
m 5 138 8428
m 4 139 9888
m 4 140 3616
m 0 141 9996
f 0 6
m 1 142 6816
m 1 143 6028
m 2 144 9076
m 5 145 3228
m 3 146 8320
m 4 147 1760
m 1 148 1556
m 2 149 6712
m 3 150 9764
m 5 151 2724
m 1 152 5756
m 4 153 7136
m 1 154 8584
m 5 155 7460
m 5 156 6088
m 5 157 4280
m 2 158 6448
m 1 159 7812
m 0 160 44
f 4 75
m 5 161 7936
m 1 162 1800
m 2 163 2936
m 4 164 3532
f 4 64
m 1 165 2976
m 3 166 8744
m 1 167 8976
m 2 168 3160
m 5 169 9764
m 2 170 8320
m 2 171 1360
m 0 172 3112
m 2 173 464
m 1 174 8700
f 2 83
m 3 175 3580
m 0 176 8996
m 1 177 732
m 2 178 8352
m 0 179 8716
m 2 180 4468
m 0 181 7968
m 1 182 1016
m 5 183 3572
f 1 31
m 2 184 1676
m 3 185 5036
f 3 26
f 5 88
m 0 186 1220
m 3 187 4116
m 3 188 7256
m 3 189 6488
f 1 108
m 4 190 9928
m 1 191 3160
m 3 192 4564
m 3 193 4844
f 1 25
m 2 194 5912
m 0 195 2728
m 2 196 2324
m 1 197 3676
m 3 198 9528
m 4 199 3492
m 1 200 384
f 5 98
m 4 201 4228
m 1 202 5276
m 5 203 8828
m 3 204 9296
f 4 116
f 1 200
m 5 205 4812
f 1 41
m 3 206 1140
m 1 207 9236
m 5 208 6176
m 4 209 6492
m 2 210 3168
m 2 211 644
f 3 135
m 1 212 1096
m 5 213 6192
m 5 214 3292
m 5 215 6196
m 2 216 6640
m 1 217 6492
m 2 218 5772
m 3 219 9220
m 4 220 2264
m 0 221 8160
m 4 222 9608
m 4 223 7108
m 0 224 8216
m 2 225 6580
m 5 226 2448
m 4 227 912
f 0 60
m 2 228 8104
m 3 229 2700
m 1 230 5964
f 4 139
m 0 231 4828
m 5 232 1372
m 5 233 6104
f 5 46
m 1 234 9088
m 0 235 2224
m 3 236 2928
m 3 237 4336
m 0 238 4932
m 5 239 7404
m 0 240 3940
m 5 241 5108
m 3 242 3520
f 5 19
m 5 243 4616
f 5 155
m 5 244 2060
m 0 245 3164
f 2 114
m 1 246 6608
m 5 247 260
f 4 45
m 5 248 940
m 3 249 6040
m 1 250 3240
m 5 251 3780
f 2 86
m 3 252 6656
m 4 253 7664
m 2 254 7412
f 1 234
m 1 255 7132
f 3 204
f 5 137
m 4 256 456
m 0 257 6940
m 5 258 6556
m 0 259 380
f 0 221
m 4 260 8068
m 3 261 9068
m 4 262 2596
m 4 263 9468
m 2 264 1968
m 2 265 2680
f 0 131
m 0 266 9836
f 2 264
f 5 107
f 3 79
m 4 267 1620
f 5 239
m 1 268 6024
m 4 269 1364
m 4 270 9324
f 0 240
m 4 271 4740
f 0 30
m 0 272 1764
f 3 198
f 3 38
m 0 273 3732
m 4 274 752
f 5 90
m 4 275 7044
m 2 276 232
m 0 277 6048
m 4 278 9796
m 2 279 4296
f 1 191
f 2 149
f 3 188
f 5 7
m 5 280 9592
m 0 281 464
m 2 282 1960
f 5 213
m 3 283 6904
m 3 284 76
m 5 285 8096
f 4 269
f 2 144
m 5 286 8816
f 5 145
m 1 287 7020
m 2 288 6132
m 2 289 7700
f 0 181
m 3 290 5520
m 2 291 8348
f 2 58
m 1 292 6608
m 3 293 9104
f 1 255
m 3 294 3268
m 0 295 1148
m 0 296 9472
m 2 297 2204
m 1 298 8016
m 3 299 4804
m 5 300 292
m 1 301 2836
f 1 142
f 2 158
f 5 251
m 3 302 3508
m 5 303 5680
m 3 304 6776
f 2 288
m 0 305 1888
m 1 306 8660
m 3 307 1652
m 3 308 1336
f 4 122
m 4 309 9768
m 1 310 6236
m 4 311 6724
m 5 312 1072
m 2 313 880
m 3 314 3520
m 3 315 5744
f 0 160
f 0 16
m 5 316 236
m 1 317 884
m 3 318 5668
m 0 319 5308
m 1 320 332
m 1 321 1800
m 5 322 2720
m 2 323 760
f 4 109
f 2 171
m 0 324 6936
m 0 325 5840
m 3 326 200
m 4 327 7228
f 1 230
m 3 328 9836
m 0 329 5448
f 1 202
m 3 330 8204
m 0 331 2732
m 1 332 3792
m 3 333 5616
f 5 183
m 0 334 8672
m 1 335 112
m 1 336 3932
m 1 337 2632
m 3 338 3728
f 5 285
m 4 339 6624
m 4 340 728
m 0 341 108
f 4 111
m 5 342 312
m 0 343 5624
f 1 143
m 0 344 760
m 5 345 3676
m 2 346 8116
m 5 347 4356
m 1 348 5852
m 5 349 8420
f 5 322
f 5 312
m 2 350 932
m 3 351 1504
m 4 352 3240
m 0 353 5808
f 4 253
m 4 354 6484
m 0 355 8252
m 4 356 5692
f 4 67
m 5 357 9240
f 1 197
m 4 358 5788
m 1 359 8360
f 0 273
m 2 360 9572
f 3 236
m 4 361 2804
m 4 362 4728
f 4 263
f 4 82
m 2 363 6264
m 2 364 5072
m 5 365 972
f 0 277
m 5 366 668
m 2 367 6036
m 5 368 8576
f 0 344
f 4 53
m 5 369 1392
f 0 341
m 5 370 3688
f 1 320
m 3 371 2116
f 2 364
f 5 241
m 4 372 4084
m 0 373 4320
m 0 374 5644
f 0 81
m 0 375 5088
m 3 376 8164
m 4 377 7404
m 0 378 3236
f 4 153
m 4 379 5356
f 0 141
f 3 261
m 2 380 9948
f 2 279
m 4 381 4076
m 4 382 6312
m 0 383 8568
m 0 384 72
m 0 385 9364
m 4 386 2956
m 1 387 8492
m 2 388 4424
f 1 132
m 0 389 3456
m 2 390 5264
m 0 391 3060
m 4 392 1332
m 0 393 9124
f 0 375
f 2 178
f 2 170
f 5 300
f 5 77
m 0 394 3952
m 0 395 7344
m 3 396 8504
m 3 397 2904
f 4 2
m 2 398 6808
m 5 399 964
m 5 400 6656
m 5 401 7464
m 4 402 9132
m 1 403 1624
m 4 404 5652
m 2 405 4796
f 3 302
f 3 9
m 5 406 9136
m 5 407 612
f 2 163
f 1 20
f 5 401
m 5 408 7044
m 5 409 492
m 1 410 8484
m 4 411 4316
m 5 412 2768
m 2 413 492
m 2 414 632
m 1 415 6272
m 5 416 6816
f 2 297
m 2 417 8064
m 2 418 4800
m 3 419 5624
m 1 420 9956
m 1 421 3752
f 1 70
f 5 232
m 2 422 2648
m 2 423 5076
m 1 424 3448
f 4 339
f 1 43
m 5 425 6544
f 4 382
m 5 426 1968
m 4 427 3140
m 1 428 8196
m 0 429 7852
f 1 115
m 5 430 8244
m 1 431 7268
m 3 432 1828
f 1 174
m 1 433 4524
f 4 404
f 3 299
m 3 434 5396
m 4 435 3112
f 3 318
f 3 432
m 0 436 5916
f 2 194
f 1 403
f 3 314
m 2 437 6344
m 4 438 2648
f 1 301
m 3 439 9912
f 2 254
f 3 294
f 3 237
m 2 440 6944
m 0 441 2756
f 5 15
f 4 49
m 0 442 7732
m 4 443 8812
m 0 444 5592
m 2 445 8460
m 5 446 1804
m 5 447 8564
f 3 40
m 3 448 2004
m 0 449 360
m 1 450 5048
f 3 284
m 2 451 8600
f 5 134
m 5 452 9524
f 5 214
m 3 453 7912
f 5 412
m 0 454 6288
m 5 455 5648
m 1 456 8364
m 3 457 5172
m 5 458 3720
f 5 117
m 1 459 8124
f 4 311
m 4 460 8992
m 0 461 596
f 0 305
f 3 293
f 3 330
m 0 462 6988
m 5 463 2560
m 2 464 6252
m 3 465 5772
m 1 466 828
f 3 89
f 5 368
m 5 467 6440
m 2 468 4316
f 0 245
f 1 120
f 0 429
f 3 249
m 5 469 7636
f 5 104
f 1 62
f 0 238
f 5 316
m 5 470 3084
m 4 471 4260
m 2 472 3552
m 4 473 6252
m 2 474 4632
f 5 203
m 0 475 8164
m 3 476 8504
m 2 477 4888
f 1 217
m 4 478 6112
m 2 479 3492
m 2 480 4520
m 0 481 4412
m 1 482 3968
m 2 483 9708
m 0 484 6856
m 5 485 5928
m 3 486 1084
f 2 422
f 1 212
f 1 32
m 0 487 3508
m 4 488 1444
f 3 229
m 5 489 9160
m 0 490 2172
m 3 491 6860
m 2 492 2580
f 3 68
m 3 493 9736
f 2 445
f 2 103
f 4 352
m 3 494 892
m 3 495 5932
m 1 496 2436
f 2 474
m 4 497 4288
m 0 498 6020
m 2 499 4940
m 2 500 6212
f 2 180
f 0 224
m 5 501 7688
m 3 502 3484
m 4 503 1460
m 0 504 7740
f 3 252
m 1 505 384
m 5 506 2968
f 5 357
m 2 507 2096
f 5 226
m 5 508 4432
m 1 509 8480
f 4 267
m 1 510 1252
f 5 57
f 0 295
m 1 511 4852
m 5 512 16
f 5 151
f 2 93
f 4 223
f 0 481
m 4 513 4380
m 4 514 7640
m 3 515 7340
f 2 216
m 4 516 6196
m 3 517 5448
f 5 105
f 1 359
f 4 209
m 5 518 3620
m 1 519 9844
f 5 485
f 2 380
m 4 520 5452
m 2 521 4688
m 5 522 9476
f 2 265
f 4 443
m 5 523 7352
m 5 524 904
f 0 355
f 5 156
m 0 525 20
m 0 526 7208
f 5 430
m 3 527 2168
m 0 528 6016
f 3 113
f 3 69
m 5 529 9520
f 3 185
f 5 369
f 1 96
m 2 530 3392
f 1 268
m 4 531 6620
m 3 532 7636
f 0 34
f 4 362
m 5 533 2440
m 5 534 4028
m 0 535 3536
f 2 1
f 5 426
m 3 536 9948
m 2 537 2372
m 1 538 4576
m 1 539 2108
m 5 540 9620
f 1 509
m 0 541 8416
f 2 405
f 0 393
m 4 542 5112
f 5 126
m 2 543 2028
m 1 544 4148
f 3 37
f 2 413
m 2 545 148
f 5 529
f 4 377
f 2 367
f 3 494
m 3 546 7620
f 2 423
m 1 547 6444
f 0 186
f 4 309
m 5 548 1212
f 5 39
f 0 325
m 4 549 8424
f 1 8
f 4 260
m 4 550 5852
m 4 551 560
f 5 28
m 4 552 3376
f 2 507
m 4 553 6148
f 4 379
m 4 554 7364
m 1 555 2696
f 5 244
m 2 556 6892
m 5 557 3424
m 0 558 5064
m 1 559 1016
m 3 560 7784
m 5 561 2448
m 2 562 2236
m 0 563 5920
f 1 505
m 2 564 5768
f 0 231
m 0 565 8608
f 4 372
f 5 24
f 5 248
m 2 566 9344
f 3 304
m 4 567 5672
m 4 568 9660
f 2 289
m 4 569 1444
f 3 546
f 0 324
m 3 570 7776
m 4 571 756
m 2 572 1204
f 5 66
f 0 331
m 4 573 872
m 3 574 516
m 5 575 92
m 0 576 6268
m 5 577 2396
m 5 578 1796
m 1 579 2704
f 1 148
f 5 577
m 1 580 4888
f 3 219
m 5 581 7272
f 5 157
f 3 146
f 2 440
m 0 582 9168
m 1 583 6672
m 2 584 9164
m 5 585 964
m 2 586 4676
m 4 587 2032
m 1 588 1872
m 0 589 1004
m 2 590 5956
f 4 55
m 0 591 5568
f 0 498
f 3 110
m 3 592 2292
m 1 593 6144
f 4 164
f 2 480
m 3 594 3784
m 0 595 3700
m 1 596 3784
f 4 361
m 1 597 2860
m 0 598 7596
f 1 165
m 5 599 7860
m 0 600 1568
f 5 95
m 5 601 1952
m 0 602 2668
f 1 317
m 0 603 3144
f 2 472
m 4 604 7800
f 2 586
f 4 604
m 3 605 6052
m 3 606 9012
m 4 607 508
m 3 608 564
f 4 327
m 2 609 6024
m 4 610 2200
f 1 431
m 3 611 2900
f 2 101
f 4 140
m 5 612 5144
m 3 613 8668
f 3 465
f 0 235
m 3 614 636
m 5 615 4008
m 3 616 5236
m 5 617 9364
f 1 167
f 2 282
f 5 400
m 1 618 4708
f 2 228
f 2 168
m 3 619 8128
f 5 557
m 0 620 8024
f 2 545
f 1 421
m 4 621 4032
f 5 370
f 5 463
m 4 622 1704
f 2 173
m 5 623 8336
f 2 218
f 0 449
m 4 624 816
f 5 623
m 3 625 5464
f 5 489
f 4 190
f 2 437
f 2 59
f 0 27
m 1 626 6516
f 0 374
f 2 572
m 3 627 5460
f 2 121
m 1 628 8140
f 1 618
m 1 629 8928
m 5 630 2764
m 4 631 8260
f 5 130
f 0 582
f 3 189
m 3 632 2644
f 3 517
f 2 584
m 3 633 7476
m 2 634 2676
m 0 635 1540
f 4 386
m 3 636 3680
f 2 414
m 5 637 5144
m 4 638 7376
m 4 639 5468
f 3 11
m 5 640 4144
f 4 554
m 3 641 4696
m 0 642 3544
m 0 643 7368
m 5 644 9560
m 0 645 9780
m 0 646 952
m 2 647 3700
f 5 51
m 0 648 8052
f 3 457
m 4 649 8192
f 1 152
m 0 650 8852
f 5 630
m 4 651 1528
m 1 652 5536
f 3 84
m 5 653 7072
m 4 654 3696
m 4 655 3496
m 1 656 3412
f 2 210
m 0 657 2216
f 4 542
f 1 433
f 1 629
m 5 658 5128
f 2 76
f 0 535
f 0 454
f 1 588
f 4 392
m 4 659 7692
f 2 196
m 5 660 5280
f 2 4
f 0 645
m 5 661 8508
m 3 662 7908
f 0 643
m 0 663 4136
f 5 407
f 0 598
f 5 208
m 5 664 832
m 3 665 3708
f 3 491
f 4 112
m 3 666 6232
m 1 667 888
m 1 668 6668
f 3 666
m 3 669 9128
f 1 182
m 2 670 7500
f 4 435
m 0 671 5724
m 3 672 4380
m 2 673 1516
m 4 674 2572
f 1 387
f 1 667
f 3 625
m 3 675 5984
m 3 676 8424
f 3 13
f 0 329
f 4 201
m 4 677 7268
f 4 552
f 4 220
m 5 678 2852
f 4 199
m 1 679 4172
f 5 548
m 4 680 652
m 2 681 3224
f 0 648
m 2 682 3140
m 1 683 468
m 5 684 6364
f 2 477
m 1 685 1996
f 0 558
f 2 673
f 0 444
f 2 681
f 2 360
f 3 672
m 1 686 1456
m 4 687 6392
m 0 688 3200
m 0 689 5540
m 0 690 9692
m 0 691 5232
f 4 471
m 1 692 9948
f 2 634
m 4 693 1344
m 2 694 9088
m 1 695 6304
f 4 571
f 1 332
f 0 487
f 4 381
f 5 138
m 0 696 680
f 4 651
f 0 129
m 3 697 3700
m 0 698 7144
m 5 699 4820
f 3 102
m 4 700 1496
f 4 427
f 2 44
m 2 701 6320
f 0 395
m 4 702 2924
f 4 551
m 3 703 1668
f 3 453
f 2 398
m 0 704 9636
m 4 705 4824
f 4 503
f 4 631
f 1 119
f 4 18
f 1 74
f 1 298
f 1 73
m 2 706 8732
f 1 292
f 4 99
m 0 707 1256
m 5 708 7712
f 5 406
f 4 438
f 2 492
f 4 702
m 1 709 8104
m 0 710 8244
f 0 394
f 2 388
f 2 291
m 5 711 1092
f 5 506
f 2 500
m 2 712 3724
m 4 713 5884
f 3 338
f 3 611
f 4 340
m 0 714 9820
m 0 715 8004
f 3 536
m 3 716 6620
f 0 591
m 5 717 7108
f 5 684
f 2 390
m 1 718 8780
m 2 719 1096
f 3 187
m 2 720 352
m 5 721 2452
f 1 420
m 0 722 7544
f 5 469
m 2 723 7076
f 1 287
m 0 724 7680
f 1 428
f 0 689
f 3 434
f 2 670
f 1 511
m 1 725 8496
m 3 726 7304
m 0 727 3424
m 0 728 8716
f 0 490
f 5 416
m 3 729 5264
m 4 730 3828
f 2 350
f 3 633
f 4 730
f 4 36
f 0 391
m 3 731 9472
m 0 732 5632
m 2 733 1536
m 1 734 7424
m 5 735 1408
f 4 639
m 3 736 6072
f 0 526
m 4 737 7588
f 3 283
f 2 483
f 5 599
f 0 691
f 5 661
f 5 540
m 5 738 4844
m 3 739 552
m 1 740 8676
f 1 580
m 4 741 6268
m 5 742 7744
f 2 694
f 3 641
m 0 743 7328
f 3 396
f 0 696
f 4 0
f 0 698
f 5 169
f 2 733
f 3 333
f 5 446
f 5 161
f 2 123
m 1 744 1312
f 3 78
m 4 745 3772
m 0 746 88
m 0 747 3376
f 0 688
f 0 389
f 1 718
m 5 748 6124
f 5 233
f 1 695
f 1 744
f 3 574
m 2 749 1784
m 3 750 292
f 3 150
f 0 576
f 0 266
m 2 751 2000
f 0 179
f 1 162
m 3 752 6560
f 0 92
f 1 668
f 0 671
m 2 753 1272
f 3 23
m 3 754 464
f 3 592
m 0 755 8832
f 0 528
f 0 565
f 0 475
f 5 247
m 1 756 1220
m 5 757 1368
f 3 636
m 1 758 9560
m 3 759 8196
f 5 399
f 2 276
m 5 760 6708
f 1 547
m 4 761 7556
f 2 313
f 2 346
m 5 762 9332
m 4 763 956
f 3 80
f 3 570
f 4 270
f 0 195
f 4 460
m 2 764 1084
f 3 716
f 0 541
f 5 664
m 5 765 8192
f 2 701
f 0 727
f 5 708
f 1 652
m 1 766 744
f 4 654
f 0 603
f 4 262
m 2 767 9500
m 2 768 6536
m 3 769 1760
f 0 343
f 4 402
f 0 746
f 1 686
m 1 770 864
m 0 771 8196
m 1 772 6404
f 0 663
f 3 527
f 4 520
f 5 524
m 4 773 8600
f 0 436
f 5 455
f 5 342
f 0 384
f 1 579
m 0 774 9856
f 4 607
m 1 775 1704
m 2 776 9288
f 1 583
f 0 133
m 4 777 5152
f 1 306
f 3 614
f 3 448
f 5 760
m 0 778 976
f 4 700
m 5 779 5348
f 3 675
f 0 442
m 0 780 4932
m 2 781 6496
f 4 649
f 5 408
f 3 308
m 1 782 4488
f 2 764
m 3 783 1436
m 0 784 2704
m 0 785 6052
m 4 786 2104
m 2 787 5664
m 2 788 9960
f 1 683
f 4 275
m 5 789 7696
f 4 549
f 0 780
m 2 790 164
f 1 177
f 0 704
m 3 791 7164
f 0 784
f 4 274
m 2 792 4816
f 4 22
f 5 534
f 2 50
f 1 766
m 0 793 5560
f 2 479
f 5 243
m 4 794 736
f 2 682
f 1 424
m 2 795 5432
m 1 796 9516
f 4 624
m 4 797 352
m 5 798 9548
f 3 791
f 3 495
m 1 799 3268
m 2 800 2596
f 4 693
m 0 801 4644
m 5 802 616
m 5 803 9976
f 3 676
m 0 804 192
m 2 805 4600
f 0 793
f 2 211
m 5 806 1044
m 5 807 9932
m 1 808 5628
f 3 594
m 0 809 6596
f 5 578
f 0 176
m 0 810 2880
f 0 785
m 4 811 3700
f 1 321
f 4 35
f 4 705
f 2 468
m 4 812 5584
f 0 484
f 3 371
m 1 813 3604
m 2 814 3124
m 1 815 2708
f 0 385
f 3 493
f 0 461
f 3 326
f 0 724
f 0 319
f 5 447
m 5 816 736
f 2 124
f 5 762
m 0 817 8988
f 0 334
f 1 544
m 5 818 1532
m 5 819 3320
f 2 590
m 3 820 6688
f 2 564
f 2 61
f 3 731
f 3 729
f 4 358
m 0 821 5216
m 0 822 4248
f 4 573
f 5 85
f 0 801
m 5 823 6712
f 5 644
f 0 690
f 0 821
f 5 523
m 4 824 4740
m 0 825 5948
m 0 826 2812
m 4 827 2216
f 5 789
f 2 225
f 5 522
f 4 659
m 5 828 5496
f 5 818
f 2 521
f 1 596
m 5 829 3084
m 1 830 4592
f 5 345
m 2 831 8944
m 0 832 5624
f 4 827
m 0 833 4508
f 1 538
f 4 550
f 5 803
m 3 834 2692
f 5 637
m 5 835 2732
f 4 227
m 2 836 6320
f 0 646
m 4 837 4004
m 2 838 4748
m 0 839 6272
m 4 840 1680
f 0 589
m 5 841 4920
f 4 777
f 0 602
m 0 842 8368
f 0 257
f 5 575
m 5 843 2484
f 3 439
f 4 745
f 2 499
m 2 844 5240
f 1 5
f 1 246
f 5 660
f 3 662
f 5 366
f 5 806
f 5 561
f 2 184
f 4 514
f 4 478
f 1 725
f 4 33
f 5 779
f 5 501
m 3 845 5928
f 5 94
f 0 722
f 1 415
f 1 555
f 0 809
f 4 773
m 3 846 2764
m 2 847 4480
m 4 848 2348
m 4 849 5372
f 1 456
f 1 559
m 1 850 3192
m 1 851 7028
f 3 315
f 2 795
f 0 747
m 3 852 232
f 0 715
f 0 743
f 1 808
f 1 758
f 4 3
f 5 612
m 4 853 1676
f 2 814
f 4 849
f 4 797
f 5 819
m 1 854 9504
f 5 678
f 4 655
m 3 855 7108
f 3 48
m 4 856 2764
f 4 531
m 3 857 4512
f 3 616
f 5 458
f 1 799
f 5 640
f 1 685
f 0 353
f 1 410
f 0 728
f 0 832
f 3 752
m 4 858 5492
f 2 800
m 5 859 9948
m 4 860 2000
f 0 600
f 0 462
f 1 154
f 4 638
m 4 861 5176
f 3 665
m 3 862 7732
m 0 863 140
m 4 864 3820
f 2 562
f 0 755
f 5 452
m 2 865 7572
m 2 866 6004
f 4 567
f 3 619
f 5 303
m 4 867 6228
f 4 867
f 0 863
f 4 856
f 1 466
m 2 868 3892
f 2 838
f 0 281
f 3 769
m 5 869 2528
f 3 739
f 4 587
m 5 870 3704
f 5 841
f 3 759
f 0 842
f 5 859
m 0 871 976
f 1 772
f 4 824
f 0 504
f 0 563
f 5 585
m 2 872 5620
f 4 680
m 5 873 2520
m 2 874 7908
f 0 635
f 5 658
f 5 798
f 0 710
f 5 205
f 5 829
m 0 875 3740
f 1 97
f 2 418
m 4 876 5176
m 1 877 2784
f 5 215
f 4 622
f 4 861
f 0 172
m 0 878 9740
f 3 397
f 0 771
f 4 12
f 5 508
m 4 879 9796
f 2 451
f 5 816
m 1 880 4340
f 4 741
f 3 606
f 2 831
f 5 757
f 1 597
f 1 815
f 0 817
f 5 280
f 4 610
f 3 669
f 5 617
f 3 192
m 4 881 0
m 1 882 2952
f 1 775
f 4 497
m 3 883 9552
f 2 537
f 0 272
f 1 539
f 0 810
m 2 884 3524
f 3 703
m 1 885 8900
f 5 128
f 3 834
f 4 858
f 5 765
f 3 632
f 4 256
f 0 825
m 1 886 3412
f 4 621
f 2 872
f 3 290
m 2 887 7532
f 3 754
f 4 687
m 0 888 8728
f 3 376
f 5 828
f 2 865
f 4 879
f 5 17
m 1 889 6584
f 5 29
f 2 751
f 0 822
f 3 613
f 2 530
f 1 510
m 3 890 3368
m 0 891 8028
f 3 351
f 0 620
m 5 892 5800
f 4 488
f 1 740
f 4 516
f 5 615
f 1 851
f 0 595
f 0 383
m 4 893 288
f 4 737
f 3 419
f 2 706
f 1 880
f 3 608
f 5 717
f 4 864
f 4 473
m 4 894 9528
f 2 720
m 0 895 4916
f 0 657
f 4 569
m 2 896 7444
f 1 877
f 5 721
f 1 310
f 0 875
f 0 804
f 3 193
f 2 790
f 1 885
f 0 642
f 0 259
m 5 897 868
m 2 898 9584
f 0 296
f 1 796
f 1 626
m 1 899 5516
m 0 900 4076
f 4 812
f 1 56
f 2 753
m 5 901 7948
f 2 805
f 1 459
f 4 794
f 0 871
f 1 100
f 0 878
f 3 862
m 1 902 2632
f 5 653
f 1 734
f 0 895
m 2 903 5588
m 0 904 1564
f 0 774
m 4 905 520
f 1 250
f 0 900
f 3 845
f 2 363
m 5 906 8088
m 2 907 4828
f 2 874
m 3 908 4176
f 0 707
f 5 738
m 4 909 3424
f 2 543
f 2 898
m 0 910 8132
f 1 679
f 4 894
m 1 911 1360
m 1 912 2996
f 5 742
f 4 893
m 2 913 5108
f 2 884
f 2 903
f 2 866
f 1 91
f 0 839
f 2 719
f 4 271
f 3 726
m 5 914 2972
f 5 870
m 0 915 8340
f 5 286
m 0 916 6200
f 2 556
f 4 837
m 0 917 8952
m 1 918 8024
f 3 852
m 4 919 8576
f 0 833
m 2 920 2520
f 4 919
f 3 486
f 5 425
f 2 136
f 4 761
f 1 912
m 2 921 5856
m 5 922 4512
m 5 923 4204
m 5 924 772
m 4 925 5804
m 0 926 8824
f 5 823
f 5 922
m 4 927 1384
m 5 928 8920
f 4 513
m 5 929 9012
m 5 930 1172
f 2 464
f 4 881
f 3 476
f 1 899
m 3 931 3068
f 2 768
f 2 323
f 1 593
f 1 519
f 3 175
f 1 337
m 4 932 5964
f 5 901
f 3 697
m 5 933 1784
m 0 934 7464
m 5 935 2696
f 4 876
f 4 925
f 5 835
f 4 927
f 0 732
f 5 365
f 0 714
f 1 482
f 4 568
f 3 931
f 0 378
f 5 869
f 1 52
m 0 936 4624
f 5 470
f 5 802
f 0 916
m 5 937 4932
m 5 938 1408
f 0 910
f 0 934
m 3 939 228
f 4 278
f 4 848
m 0 940 8156
f 3 605
f 2 767
f 1 656
f 5 938
m 3 941 7732
m 5 942 8320
f 3 941
f 3 939
m 5 943 7956
f 4 763
f 0 904
m 5 944 5220
f 2 920
m 2 945 3928
f 2 71
m 4 946 3764
f 1 335
m 5 947 3940
m 1 948 3436
f 5 601
f 0 650
m 3 949 4724
m 1 950 7080
f 5 944
f 3 206
f 1 770
m 4 951 8552
f 4 713
f 5 533
f 2 417
m 1 952 8544
f 2 609
m 5 953 2084
f 5 906
f 2 913
f 3 949
f 5 873
f 0 917
m 0 954 4436
f 3 87
f 2 21
f 5 711
f 5 843
m 0 955 9568
m 4 956 7152
f 4 909
f 0 888
f 1 830
f 1 709
m 4 957 4632
f 4 127
m 4 958 7068
f 0 954
f 0 926
m 2 959 6736
f 3 890
f 3 908
m 1 960 8216
f 2 776
f 2 787
f 1 628
m 3 961 4684
f 1 950
f 0 936
f 4 932
f 5 349
f 1 918
m 0 962 8396
m 2 963 124
f 1 854
f 3 820
m 0 964 3756
f 4 956
f 4 356
m 1 965 4072
f 1 65
f 2 749
f 1 889
f 0 826
f 5 942
f 4 674
f 1 965
m 3 966 4220
f 1 756
f 4 677
f 5 892
m 0 967 92
f 2 963
f 4 125
f 4 853
m 0 968 3300
f 5 923
f 4 860
f 2 844
f 2 566
f 2 788
f 4 840
f 1 960
f 2 723
f 4 147
f 5 935
f 2 896
f 3 627
f 2 945
f 3 515
f 1 10
f 1 336
m 5 969 1128
f 5 518
f 5 914
f 1 886
f 5 937
f 3 242
f 5 409
f 4 951
f 5 947
f 1 207
f 3 166
m 4 970 9224
f 1 813
f 5 930
m 3 971 8836
f 1 348
m 2 972 3208
f 0 940
f 2 959
m 4 973 5892
m 2 974 3316
f 4 958
m 2 975 6884
f 3 857
f 1 159
m 4 976 4760
f 5 943
f 2 836
f 5 807
f 5 933
f 1 902
f 4 411
f 0 778
f 4 222
f 3 502
m 0 977 8284
f 5 581
m 5 978 4784
m 5 979 9148
f 0 967
m 3 980 4148
m 1 981 9336
f 1 496
f 3 855
f 1 981
f 2 712
f 4 811
f 0 441
f 2 975
f 0 977
m 2 982 1464
m 4 983 7608
m 1 984 292
f 5 897
f 2 647
f 3 961
f 3 328
f 5 953
f 5 512
f 0 525
m 5 985 2616
f 3 883
f 2 972
f 4 786
f 3 736
m 4 986 5976
f 3 783
f 2 887
f 1 984
m 5 987 4824
f 5 979
m 5 988 7008
f 0 915
f 1 948
f 2 974
m 2 989 9684
m 1 990 3488
m 5 991 4040
f 0 373
f 4 986
f 4 957
m 1 992 2904
f 0 964
f 5 987
f 2 921
f 3 532
f 4 970
f 1 450
m 0 993 3444
f 4 905
m 2 994 44
f 5 735
f 1 692
f 4 976
f 2 989
f 3 560
f 5 347
f 0 968
f 1 992
f 2 847
f 0 955
f 5 978
f 0 891
f 2 781
f 3 750
f 1 882
f 0 993
f 1 990
f 5 929
f 1 952
f 1 911
f 5 985
m 0 995 7872
f 3 980
f 0 962
f 5 748
f 2 982
m 1 996 8796
m 1 997 9376
f 4 354
f 3 966
f 5 467
f 2 118
f 4 553
f 4 973
f 5 988
f 1 782
f 4 983
f 3 846
f 3 971
f 5 699
f 1 996
f 2 792
m 5 998 6288
f 5 924
m 2 999 5616
f 5 991
f 0 995
f 5 998
f 2 999
f 5 928
f 1 850
f 4 946
f 2 994
f 2 868
f 2 907
f 3 307
f 5 969
f 1 997
f 5 258
