m 0 0 5568
m 0 1 1284
m 0 2 8296
m 0 3 2860
m 0 4 5760
m 0 5 4456
m 0 6 1412
m 0 7 2112
m 0 8 5768
m 0 9 3200
f 0 2
m 0 10 5132
m 0 11 4668
m 0 12 6452
m 0 13 1724
m 0 14 7864
m 0 15 1600
m 0 16 3620
m 0 17 1416
m 0 18 8548
m 0 19 3684
m 0 20 216
m 0 21 6972
m 0 22 4628
f 0 5
m 0 23 3452
m 0 24 516
m 0 25 6356
m 0 26 7624
m 0 27 2556
m 0 28 2920
m 0 29 4664
m 0 30 5744
m 0 31 8752
m 0 32 1784
m 0 33 784
m 0 34 5948
m 0 35 6164
m 0 36 1416
m 0 37 292
f 0 35
f 0 16
m 0 38 4412
m 0 39 3712
m 0 40 2876
m 0 41 6576
m 0 42 6144
f 0 22
m 0 43 3840
m 0 44 4684
f 0 37
m 0 45 4044
m 0 46 3068
m 0 47 8708
m 0 48 3524
m 0 49 7944
m 0 50 4104
m 0 51 8856
m 0 52 8876
m 0 53 5448
m 0 54 2608
m 0 55 2000
m 0 56 1140
m 0 57 2440
m 0 58 5828
m 0 59 8128
m 0 60 3092
m 0 61 3960
m 0 62 1416
m 0 63 1996
m 0 64 1896
m 0 65 3236
f 0 45
f 0 15
m 0 66 7756
m 0 67 6876
m 0 68 3688
f 0 55
m 0 69 3008
m 0 70 5328
f 0 39
f 0 54
f 0 8
f 0 57
m 0 71 4880
m 0 72 1092
m 0 73 900
m 0 74 7416
m 0 75 6504
m 0 76 5748
m 0 77 5472
m 0 78 7100
m 0 79 5856
f 0 75
m 0 80 2156
m 0 81 5260
m 0 82 8456
m 0 83 8496
f 0 51
m 0 84 8464
m 0 85 824
f 0 42
m 0 86 164
m 0 87 4880
m 0 88 5464
m 0 89 2904
m 0 90 1556
f 0 79
m 0 91 1452
m 0 92 6884
m 0 93 2436
m 0 94 2836
f 0 24
m 0 95 600
m 0 96 7280
m 0 97 876
f 0 64
m 0 98 1520
m 0 99 6896
m 0 100 5232
f 0 21
m 0 101 2964
f 0 31
m 0 102 1968
m 0 103 8356
m 0 104 1532
m 0 105 260
m 0 106 6772
m 0 107 2396
f 0 87
m 0 108 6432
m 0 109 3724
m 0 110 3560
m 0 111 4172
f 0 88
m 0 112 1724
f 0 26
m 0 113 1780
m 0 114 4524
f 0 10
m 0 115 4908
m 0 116 396
m 0 117 1832
f 0 50
f 0 25
m 0 118 5424
m 0 119 4788
m 0 120 5072
m 0 121 2276
f 0 0
f 0 74
m 0 122 3852
f 0 13
m 0 123 2672
m 0 124 4108
f 0 1
m 0 125 1792
f 0 111
m 0 126 1820
m 0 127 1564
m 0 128 5488
f 0 94
f 0 126
m 0 129 6860
m 0 130 3036
m 0 131 5984
m 0 132 8056
m 0 133 4988
m 0 134 8220
m 0 135 2304
m 0 136 8704
m 0 137 2224
m 0 138 4828
f 0 40
m 0 139 3340
f 0 61
m 0 140 5676
m 0 141 7940
m 0 142 7604
m 0 143 8008
m 0 144 2748
m 0 145 6660
m 0 146 8352
m 0 147 3940
f 0 124
m 0 148 6948
m 0 149 2412
m 0 150 5032
m 0 151 3112
m 0 152 2804
m 0 153 180
m 0 154 8108
f 0 153
f 0 83
m 0 155 3968
m 0 156 5228
f 0 105
m 0 157 6296
m 0 158 4208
m 0 159 6104
m 0 160 1608
m 0 161 8516
m 0 162 3392
f 0 77
m 0 163 3584
m 0 164 5560
f 0 137
f 0 85
f 0 49
f 0 41
f 0 93
f 0 78
m 0 165 7336
m 0 166 6504
f 0 9
m 0 167 2996
f 0 138
m 0 168 5036
m 0 169 2336
m 0 170 1608
f 0 91
m 0 171 3108
f 0 139
m 0 172 3648
f 0 34
f 0 60
m 0 173 8544
f 0 127
f 0 67
m 0 174 3396
m 0 175 256
m 0 176 6536
f 0 66
f 0 159
m 0 177 2216
m 0 178 8000
f 0 56
m 0 179 3744
m 0 180 7748
m 0 181 1332
f 0 73
m 0 182 4140
f 0 63
m 0 183 6580
m 0 184 1160
m 0 185 2476
m 0 186 8800
f 0 130
m 0 187 2784
f 0 142
f 0 158
m 0 188 7108
f 0 69
m 0 189 4028
f 0 113
f 0 12
f 0 178
f 0 182
f 0 112
m 0 190 6344
m 0 191 8848
m 0 192 2568
f 0 109
f 0 143
m 0 193 3612
f 0 11
f 0 86
m 0 194 4336
m 0 195 4348
m 0 196 7548
f 0 122
f 0 131
m 0 197 5184
f 0 32
f 0 177
f 0 33
f 0 102
m 0 198 1136
m 0 199 7504
m 0 200 6380
m 0 201 2296
f 0 123
f 0 59
f 0 194
m 0 202 3192
f 0 82
m 0 203 8348
f 0 106
m 0 204 7240
m 0 205 2948
m 0 206 5304
m 0 207 1636
m 0 208 3516
f 0 187
m 0 209 2360
m 0 210 2840
f 0 186
m 0 211 5508
f 0 128
m 0 212 5064
f 0 27
f 0 110
f 0 205
m 0 213 7152
m 0 214 6912
f 0 44
f 0 150
f 0 167
f 0 117
m 0 215 5732
f 0 135
m 0 216 6160
m 0 217 6692
m 0 218 7172
m 0 219 3204
f 0 183
m 0 220 1956
f 0 201
f 0 214
f 0 116
f 0 200
f 0 47
f 0 96
f 0 38
m 0 221 440
f 0 28
m 0 222 4520
f 0 213
f 0 166
f 0 162
m 0 223 3124
f 0 160
f 0 136
f 0 101
m 0 224 96
m 0 225 3924
m 0 226 7824
f 0 218
f 0 95
f 0 193
m 0 227 3384
m 0 228 6296
f 0 36
m 0 229 6468
f 0 132
m 0 230 5488
f 0 223
f 0 195
f 0 107
f 0 224
f 0 161
f 0 115
f 0 225
m 0 231 1212
f 0 222
f 0 217
f 0 71
f 0 29
m 0 232 808
m 0 233 260
f 0 52
f 0 232
m 0 234 3488
m 0 235 7940
m 0 236 908
m 0 237 4648
f 0 103
m 0 238 924
f 0 152
m 0 239 112
f 0 239
m 0 240 2612
f 0 228
f 0 17
f 0 4
f 0 199
f 0 125
m 0 241 8448
f 0 48
f 0 134
m 0 242 6240
f 0 18
f 0 30
m 0 243 3408
f 0 191
m 0 244 6476
m 0 245 3208
m 0 246 3012
m 0 247 5664
m 0 248 508
m 0 249 252
f 0 62
f 0 53
m 0 250 2472
f 0 133
m 0 251 4316
m 0 252 6612
m 0 253 1880
m 0 254 2812
f 0 146
m 0 255 1296
f 0 100
m 0 256 404
f 0 65
f 0 207
f 0 234
m 0 257 2548
f 0 208
f 0 43
f 0 237
m 0 258 2080
f 0 216
m 0 259 6760
f 0 171
f 0 255
m 0 260 1632
f 0 231
f 0 235
f 0 215
m 0 261 3004
f 0 233
f 0 240
f 0 6
f 0 246
f 0 68
m 0 262 4780
m 0 263 4036
f 0 238
f 0 210
f 0 92
f 0 168
f 0 97
f 0 259
f 0 184
f 0 118
f 0 257
f 0 256
f 0 251
m 0 264 292
m 0 265 6396
f 0 263
f 0 3
f 0 169
f 0 262
f 0 20
f 0 245
f 0 155
m 0 266 3188
f 0 170
f 0 250
f 0 81
f 0 185
f 0 99
f 0 165
f 0 114
f 0 46
f 0 190
f 0 252
f 0 211
f 0 76
m 0 267 5100
m 0 268 220
f 0 209
m 0 269 8432
f 0 108
f 0 254
f 0 206
m 0 270 6844
m 0 271 7980
m 0 272 7332
m 0 273 1056
m 0 274 2936
f 0 274
f 0 242
f 0 14
f 0 172
f 0 72
m 0 275 8580
f 0 163
f 0 164
f 0 119
f 0 253
f 0 196
f 0 197
m 0 276 6008
f 0 189
f 0 270
f 0 221
f 0 141
f 0 90
m 0 277 2336
f 0 175
f 0 230
f 0 157
f 0 264
m 0 278 7976
f 0 236
f 0 226
f 0 227
f 0 203
m 0 279 4540
f 0 80
m 0 280 7076
f 0 272
f 0 280
f 0 23
f 0 151
f 0 212
m 0 281 5820
f 0 247
f 0 149
m 0 282 3008
m 0 283 148
f 0 276
f 0 277
m 0 284 680
m 0 285 4312
f 0 120
f 0 121
f 0 243
f 0 154
f 0 7
f 0 261
f 0 198
m 0 286 3440
f 0 19
f 0 284
f 0 145
m 0 287 5972
f 0 285
f 0 188
f 0 281
m 0 288 5260
f 0 173
f 0 192
f 0 269
f 0 229
f 0 181
f 0 266
f 0 156
f 0 260
f 0 267
f 0 288
f 0 70
f 0 147
m 0 289 1180
m 0 290 7556
f 0 202
f 0 180
f 0 289
f 0 98
f 0 290
m 0 291 4804
f 0 286
m 0 292 624
f 0 292
f 0 89
f 0 129
f 0 174
f 0 258
f 0 275
f 0 244
f 0 220
f 0 273
f 0 179
f 0 278
f 0 219
f 0 249
f 0 279
f 0 248
f 0 268
m 0 293 2944
f 0 84
f 0 176
m 0 294 6016
f 0 287
f 0 148
f 0 291
f 0 144
f 0 104
f 0 293
f 0 265
f 0 241
m 0 295 4136
f 0 140
f 0 294
m 0 296 4192
m 0 297 7416
m 0 298 3108
f 0 297
f 0 283
f 0 296
f 0 204
f 0 298
m 0 299 1868
f 0 299
f 0 271
f 0 58
f 0 282
f 0 295
