m 0 0 756
m 0 1 1188
m 0 2 1392
m 0 3 1056
m 0 4 1808
m 0 5 592
m 0 6 704
m 0 7 220
m 0 8 900
m 0 9 520
m 0 10 640
m 0 11 1848
m 0 12 804
m 0 13 1780
m 0 14 544
m 0 15 276
m 0 16 760
m 0 17 1208
f 0 5
m 0 18 1228
m 0 19 768
m 0 20 532
f 0 3
m 0 21 1404
m 0 22 1948
f 0 7
f 0 13
f 0 0
m 0 23 904
m 0 24 1124
m 0 25 1452
m 0 26 1812
f 0 22
m 0 27 580
m 0 28 1552
m 0 29 440
m 0 30 552
m 0 31 1204
m 0 32 1724
m 0 33 680
f 0 19
f 0 9
m 0 34 1412
m 0 35 340
m 0 36 204
m 0 37 936
m 0 38 680
f 0 35
m 0 39 1828
m 0 40 772
m 0 41 1196
m 0 42 124
f 0 30
m 0 43 1728
f 0 28
m 0 44 1816
f 0 16
m 0 45 956
m 0 46 216
m 0 47 552
m 0 48 404
m 0 49 876
m 0 50 632
f 0 50
m 0 51 1384
f 0 25
f 0 40
m 0 52 1164
f 0 4
f 0 12
m 0 53 504
m 0 54 1132
m 0 55 1772
m 0 56 1884
f 0 26
m 0 57 220
f 0 1
m 0 58 224
f 0 29
m 0 59 360
m 0 60 688
f 0 24
m 0 61 520
f 0 34
m 0 62 572
m 0 63 968
f 0 61
f 0 21
m 0 64 1072
m 0 65 1168
f 0 44
m 0 66 16
m 0 67 560
m 0 68 1952
f 0 38
m 0 69 1532
f 0 63
m 0 70 1984
m 0 71 72
f 0 43
f 0 33
m 0 72 2032
m 0 73 1516
f 0 56
f 0 49
f 0 17
m 0 74 940
m 0 75 1716
f 0 2
m 0 76 584
m 0 77 1480
m 0 78 1696
f 0 76
f 0 64
m 0 79 1424
m 0 80 2024
m 0 81 944
m 0 82 836
f 0 78
f 0 48
f 0 58
f 0 67
m 0 83 764
f 0 83
m 0 84 596
f 0 8
f 0 57
f 0 41
f 0 39
m 0 85 1120
f 0 68
f 0 37
m 0 86 1256
m 0 87 844
f 0 79
f 0 73
f 0 18
m 0 88 1004
f 0 82
f 0 77
m 0 89 668
f 0 31
f 0 72
f 0 15
f 0 59
f 0 14
f 0 42
f 0 75
f 0 32
m 0 90 1912
f 0 10
f 0 60
f 0 86
f 0 11
m 0 91 1632
f 0 62
m 0 92 1632
m 0 93 236
f 0 6
f 0 20
f 0 69
f 0 54
f 0 65
m 0 94 904
f 0 94
f 0 89
f 0 85
f 0 70
f 0 66
f 0 88
f 0 84
m 0 95 336
f 0 52
f 0 51
m 0 96 1696
f 0 55
f 0 27
f 0 90
f 0 96
f 0 46
m 0 97 1592
f 0 45
f 0 92
f 0 23
f 0 74
f 0 36
f 0 53
f 0 71
f 0 91
m 0 98 868
f 0 93
f 0 81
m 0 99 812
f 0 87
f 0 47
f 0 99
f 0 95
f 0 98
f 0 80
f 0 97
