
tr-simpleloop
                 50         100         150         200
  rand      71.6555     74.1125     74.5422     74.6357
  fifo      72.1880     74.2059     74.5889     74.6637
  lru       73.9817     74.8786     74.9066     74.9066
  clock     73.8322     74.8505     74.8972     74.8972
  opt       74.9626     75.3457     75.3457     75.3457

tr-matmul
                 50         100         150         200
  rand      66.4848     89.0829     96.7449     98.0846
  fifo      62.0226     63.4956     98.8406     98.8582
  lru       64.9218     66.0930     98.8920     98.8924
  clock     64.9215     66.2500     98.8317     98.8920
  opt       80.2086     96.8737     99.1033     99.3509

tr-blocked
                 50         100         150         200
  rand      99.6714     99.7930     99.8242     99.8484
  fifo      99.7448     99.8291     99.8331     99.8746
  lru       99.7967     99.8501     99.8507     99.8536
  clock     99.7726     99.8343     99.8502     99.8733
  opt       99.8534     99.8812     99.9000     99.9099

tr-mine
                 50         100         150         200
  rand      99.7065     99.9003     99.9296     99.9432
  fifo      99.7458     99.9094     99.9456     99.9492
  lru       99.8351     99.9305     99.9501     99.9501
  clock     99.8275     99.9281     99.9494     99.9496
  opt       99.8941     99.9465     99.9501     99.9501
